"Code" "Site" "Location" "River" "Date" "H" "Na" "K" "Mg" "Ca" "Sr" "Ba" "NH4" "Cl" "NO3" "PO4" "SO4" "HCO3" "TOC"
"1"  9535612  95 "Anoia" "Anoia" "01.07.1997" 7.943282e-09  159.000   6.3180  92.410 279.10  8.58366 0.049900 2.234134e-01  345.956092  16.9657789  0.40143000  730.60139 349.5047  3.022
"2"  9535643  95 "Anoia" "Anoia" "01.08.1997" 5.011872e-09  179.200   6.4490  96.200 300.30  7.29700 0.054983 2.694842e-02  280.273471   8.6478277  0.52187749  773.23360 314.6050  3.039
"3"  9535674  95 "Anoia" "Anoia" "01.09.1997" 7.943282e-09  186.000   5.9780  96.830 305.10  7.34100 0.057367 7.923994e-02  300.257222  11.3942817  0.50849602  884.53922 342.4435  3.196
"4"  9535704  95 "Anoia" "Anoia" "01.10.1997" 6.165950e-09  181.100   5.1710  88.580 343.40  7.63000 0.059473 2.231826e-02  297.926923  11.2935163  0.40144423  757.78489 335.2200  3.871
"5"  9535735  95 "Anoia" "Anoia" "01.11.1997" 1.202264e-08  151.000   7.3710  84.900 369.00  8.24600 0.053410 4.639883e-01  229.261855   9.5476159  0.44158865  616.29879 308.6500  3.400
"6"  9535765  95 "Anoia" "Anoia" "01.12.1997" 1.028016e-08  170.100   6.4750  89.820 337.60  7.57200 0.050168 9.921348e-02  267.879980  13.2536926  0.69583666  881.17945 334.1700  3.625
"7"  9535796  95 "Anoia" "Anoia" "01.01.1998" 1.148154e-09  119.900   4.1330  82.880 337.60  5.97400 0.047387 1.385930e-01  197.429095  16.1901065  0.70921813  857.98557 348.3900  3.501
"8"  9535827  95 "Anoia" "Anoia" "01.02.1998" 8.709636e-09  120.800   6.0350  83.770 265.00  6.45900 0.043533 1.815485e-01  156.042531  18.8317927  0.80288845  727.81144 181.6000  3.167
"9"  9535855  95 "Anoia" "Anoia" "01.03.1998" 6.760830e-09  145.000   5.7800  89.250 269.50  7.38500 0.044600 7.415189e-02  203.229560  17.5858567  0.50849602  648.87336 327.2000  3.822
"10"  9535886  95 "Anoia" "Anoia" "01.04.1998" 6.918310e-09  160.100   5.3660  86.620 274.80  7.19000 0.041100 6.711543e-02  253.081923  10.6645646  0.49511454  883.92219 284.2000  3.432
"11"  9535916  95 "Anoia" "Anoia" "01.05.1998" 6.606934e-09  199.260   4.7800  92.500 286.00  6.85000 0.035061 1.977995e-01  313.610467   7.0972125  0.53525897  696.43594 319.9000  2.127
"12"  9535947  95 "Anoia" "Anoia" "01.06.1998" 1.122018e-08  310.000   5.7820  99.780 330.80  7.57400 0.044898 1.099011e-01  511.223298   5.8989953  0.24086654 1002.27013 314.7000  2.577
"13"  9535977  95 "Anoia" "Anoia" "01.07.1998" 8.317638e-09  323.400   5.9740 100.200 334.00  7.62600 0.043052 8.890524e-02  559.578487   6.9411800  0.97684762 1004.66090 317.6000  3.070
"14"  9536008  95 "Anoia" "Anoia" "01.08.1998" 1.348963e-08  359.400   8.2840 102.740 348.20  8.07400 0.042958 4.662276e-01  658.851315   5.4594320  0.21410359 1048.76273 305.1000  3.851
"15"  9536069  95 "Anoia" "Anoia" "01.10.1998" 1.122018e-08  470.550   8.9350 120.700 441.50 10.39000 0.041396 4.611461e-01  770.840205   4.4380942  0.22748506 1260.14332 340.0000  2.816
"16"  9536100  95 "Anoia" "Anoia" "01.11.1998" 1.698244e-08  450.200   8.5840 119.620 424.00  9.89500 0.040701 1.325885e+00  720.516255   5.7836901  0.24086654 1196.14213 341.2000  2.528
"17"  9536130  95 "Anoia" "Anoia" "01.12.1998" 1.513561e-08  327.200   7.4080 109.080 380.00  8.96400 0.037621 2.341357e-01  630.363490   0.7010510  0.40144423 1359.73860 330.3000  3.353
"18"  9536161  95 "Anoia" "Anoia" "01.01.1999" 1.000000e-08  303.000   7.5340 113.720 372.20  8.17400 0.033665 7.269069e-01   90.927881  39.1897836  0.26762948 1575.11181 280.8000  2.068
"19"   335612   3 "Anoia" "Anoia" "01.07.1997" 1.000000e-08  552.700  52.6300  90.910 249.20  7.38228 0.054480 1.185911e+00 1065.212292  28.5243484  1.51205300  983.55892 377.2923 16.920
"20"   335643   3 "Anoia" "Anoia" "01.08.1997" 7.943282e-09  341.000  21.0800  91.410 328.20  7.38800 0.088661 4.176305e-01  653.965368  10.3997279  4.30883469  707.13347 327.0002  8.962
"21"   335674   3 "Anoia" "Anoia" "01.09.1997" 1.000000e-08  484.900  37.3700  88.940 290.80  5.68800 0.078672 7.648282e-01  687.453013  19.0528675  5.41949704  734.63357 383.3376 12.300
"22"   335704   3 "Anoia" "Anoia" "01.10.1997" 4.897788e-09  829.000  47.8500  85.460 224.70  4.76900 0.055571 1.176058e-01  946.437085  13.3467667  4.67013449  841.02021 384.8000 16.710
"23"   335765   3 "Anoia" "Anoia" "01.12.1997" 1.066596e-08  781.400  42.2500  84.270 260.30  5.49100 0.068100 1.622676e+01  997.233576   7.6804189  3.06435759  816.04068 496.4200 28.770
"24"   335796   3 "Anoia" "Anoia" "01.01.1998" 3.019952e-09  409.600  19.4100  78.030 220.30  5.31100 0.043334 4.507775e-01  563.592144  28.1783097  1.98045818  696.75015 396.2100 14.370
"25"   335827   3 "Anoia" "Anoia" "01.02.1998" 3.467369e-08  687.700  46.4000  83.590 243.70  5.34000 0.047916 2.650745e+01  682.425877  13.4772972  0.21410359  714.46706 537.1000 16.430
"26"   335855   3 "Anoia" "Anoia" "01.03.1998" 1.288250e-08  667.400  41.4100  85.240 238.30  5.68100 0.053300 4.025396e+01  752.144698   2.7934845  1.08389941  821.72771 601.9000 23.920
"27"   335886   3 "Anoia" "Anoia" "01.04.1998" 4.073803e-08  603.390  33.8600  85.330 247.30  6.11800 0.054400 4.378740e+01  785.205059   3.1331078  2.00722113  724.33322 553.5000 32.440
"28"   335916   3 "Anoia" "Anoia" "01.05.1998" 3.162278e-08  781.500  43.7550  94.350 253.50  5.58000 0.058973 6.528356e+01 1052.747242   0.7839400  0.29439243  897.57085 583.1000 28.780
"29"   335947   3 "Anoia" "Anoia" "01.06.1998" 1.071519e-08  956.500  51.3000  72.500 185.80  3.52750 0.053645 1.008462e+02 1174.207559   0.2965360  8.44371021  817.39207 636.6000 35.230
"30"   335977   3 "Anoia" "Anoia" "01.07.1998" 8.912509e-09 1121.500  61.7000  75.200 180.20  3.51500 0.044399 9.652319e+01 1341.293976   0.6445336 14.85343634  903.96085 733.9000 26.170
"31"   336008   3 "Anoia" "Anoia" "01.08.1998" 3.235937e-08  124.600  14.5000  40.370 132.60  2.88800 0.102136 5.308077e+00  175.343143  12.7559184 13.50190745  348.69504 239.7000 13.180
"32"   336039   3 "Anoia" "Anoia" "01.09.1998" 1.995262e-08  960.000  40.4100  66.050 170.40  3.24100 0.030375 1.366459e+00 1094.354834  33.7775736 10.70517934  727.39374 448.5000 32.210
"33"   336069   3 "Anoia" "Anoia" "01.10.1998" 1.698244e-08  860.500  37.5750  69.900 207.60  4.05500 0.041324 5.372291e+00  972.590234  28.0004908 10.89251998  790.70031 392.9000 26.220
"34"   336100   3 "Anoia" "Anoia" "01.11.1998" 3.801894e-08  972.000  46.4450  74.400 228.35  4.41750 0.156735 9.703997e+00 1225.019554  40.9909366  8.16269925  837.54350 370.9000 28.000
"35"   336130   3 "Anoia" "Anoia" "01.12.1998" 2.398833e-08  559.500  27.8800  78.100 249.40  5.50500 0.131043 4.688821e+00 1168.184684 136.2887664  3.74681277 1140.95832 431.3000 17.260
"36"   336161   3 "Anoia" "Anoia" "01.01.1999" 3.981072e-08  714.000  30.1400  87.100 220.70  4.93650 0.025669 2.697203e+00 1009.163010   9.4727552  0.13381474 1163.65226 440.0000 22.720
"37"   336251   3 "Anoia" "Anoia" "01.04.1999" 1.655770e-08  840.000  39.6700  80.520 250.90  4.52800 0.033671 1.484516e+01 1083.636118  12.8123863 11.77569728  889.80061 452.7000 24.690
"38"   336373   3 "Anoia" "Anoia" "01.08.1999" 2.233572e-08  361.400  30.7000  56.420 157.90  3.11200 0.031289 1.595884e+00  404.199258  58.0712631 33.45368545  320.51444 403.8000 12.070
"39"   435612   4 "Anoia" "Anoia" "01.07.1997" 6.309573e-09  174.400  14.4100  60.660 194.40  3.83256 0.055920 3.032596e-01  254.674768   2.5539770  0.69581200  442.88048 344.3231  7.499
"40"   435643   4 "Anoia" "Anoia" "01.08.1997" 6.309573e-09  137.100  10.1700  61.750 204.00  3.52500 0.082528 2.142122e-01  211.992357   4.4526303  0.99022909  439.96395 324.8158  4.375
"41"   435674   4 "Anoia" "Anoia" "01.09.1997" 7.943282e-09  202.300  17.1400  61.510 210.40  3.43500 0.076750 1.436372e-01  285.632919   4.6690803  0.64231076  498.43990 401.1176  9.543
"42"   435704   4 "Anoia" "Anoia" "01.10.1997" 5.495409e-09  277.800  19.0900  69.730 264.60  3.91300 0.078672 1.586142e-01  350.946055   6.5240569  0.69583666  554.97270 370.9100  9.809
"43"   435765   4 "Anoia" "Anoia" "01.12.1997" 6.397348e-09  255.700  14.8200  66.200 253.80  3.87600 0.073518 1.231959e-02  317.816678   0.7405522  0.65569223  524.35040 436.5300 12.720
"44"   435796   4 "Anoia" "Anoia" "01.01.1998" 2.754229e-09  191.300   9.8130  58.430 190.60  3.60800 0.058406 5.454927e-01  277.371185   8.4895518  1.12404383  616.08445 375.7800  8.438
"45"   435827   4 "Anoia" "Anoia" "01.02.1998" 1.737801e-08  252.800  14.5800  60.220 202.90  3.80500 0.062218 4.554273e+00  221.766108   9.7438603  0.38806275  504.83086 398.2000  8.440
"46"   435855   4 "Anoia" "Anoia" "01.03.1998" 1.348963e-08  253.700  15.2800  62.590 209.50  3.84000 0.055400 8.658197e+00  288.286829   8.6171618  0.58878486  381.73338 416.1000 11.370
"47"   435886   4 "Anoia" "Anoia" "01.04.1998" 3.981072e-08  213.300  13.6200  61.670 211.40  3.78100 0.056400 1.219840e+01  310.163748   3.4195990  1.16418825  561.49825 423.3000  9.715
"48"   435916   4 "Anoia" "Anoia" "01.05.1998" 7.244360e-08  315.800  18.5440  64.000 208.40  3.64200 0.056165 1.530539e+01  392.734498   3.7483984  1.17756973  562.96121 349.9000 11.060
"49"   435947   4 "Anoia" "Anoia" "01.06.1998" 1.071519e-08  283.400  15.7660  57.900 189.64  3.05800 0.062552 1.178327e+01  386.277183  11.8614465  1.00361056  519.24208 390.3000 12.450
"50"   435977   4 "Anoia" "Anoia" "01.07.1998" 6.760830e-08  332.000  17.8540  61.880 197.36  3.33200 0.069084 1.146688e+01  399.958850  12.4535725  0.99022909  509.70837 380.9000  9.682
"51"   436008   4 "Anoia" "Anoia" "01.08.1998" 5.495409e-08   96.030  10.5600  36.590 143.90  2.69800 0.061134 1.483610e+00  134.780646  10.3828549  1.94031376  374.81391 250.9000  9.286
"52"   436039   4 "Anoia" "Anoia" "01.09.1998" 1.995262e-08  340.200  17.1160  63.040 215.00  3.43200 0.067038 1.990168e+00  438.066606  26.3490993  1.68606575  497.39754 423.4000 12.190
"53"   436100   4 "Anoia" "Anoia" "01.11.1998" 1.380384e-08  425.800  18.9760  60.980 219.20  3.65800 0.068890 8.740193e+00  537.285650   5.6980396  1.04375499  552.73131 449.0000 14.250
"54"   436130   4 "Anoia" "Anoia" "01.12.1998" 3.162278e-08  257.200  13.8960  58.220 216.40  3.67200 0.065711 2.443634e+00  309.619759   9.7507934  4.28207174  497.85114 393.8000  8.889
"55"   436251   4 "Anoia" "Anoia" "01.04.1999" 5.649370e-09  350.000  17.2900  66.960 237.20  3.59800 0.055843 5.779077e+00  447.932381   2.8199824  1.33814742  567.28171 433.6000 11.840
"56"   436373   4 "Anoia" "Anoia" "01.08.1999" 1.648162e-08  296.000  15.3160  59.580 193.12  3.31800 0.055796 1.803548e+00  341.491568  12.4655448  1.07051793  435.40016 430.9000  8.591
"57"  7435612  74 "Anoia" "Anoia" "01.07.1997" 7.943282e-09  183.800  14.5700  61.610 175.60  3.74191 0.059390 3.159139e-01  292.106868   2.9104391  0.29438200  432.77514 346.9139  6.468
"58"  7435643  74 "Anoia" "Anoia" "01.08.1997" 6.309573e-09  143.800  11.4100  59.620 190.60  3.22000 0.086588 3.289360e-01  195.729501   4.4511101  1.12404383  388.53411 356.7183  5.319
"59"  7435674  74 "Anoia" "Anoia" "01.09.1997" 7.943282e-09  213.300  16.5000  65.910 215.70  3.56600 0.081477 2.751949e-01  310.359046   1.4502621  0.73598108  553.55614 388.0620  7.654
"60"  7435704  74 "Anoia" "Anoia" "01.10.1997" 6.309573e-09  243.600  14.6800  61.940 199.20  3.30400 0.074883 1.780369e-01  312.368254   3.7076826  0.82965140  487.82741 377.1300  7.362
"61"  7435765  74 "Anoia" "Anoia" "01.12.1997" 2.118361e-08  243.500  14.8800  63.210 209.00  3.55500 0.297249 4.184227e-01  339.834596   4.3691028  0.78950698  548.14608 398.2300  9.779
"62"  7435796  74 "Anoia" "Anoia" "01.01.1998" 1.096478e-09  182.300  11.5800  57.380 185.90  3.16200 0.058652 5.821379e-01  280.088617   8.9288438  1.11066236  478.32777 376.8800  7.182
"63"  7435827  74 "Anoia" "Anoia" "01.02.1998" 1.412538e-08  206.800  13.3700  57.080 187.50  3.26900 0.054020 1.457906e+00  211.776419  10.4087829  0.48173307  422.30113 429.0000  6.649
"64"  7435855  74 "Anoia" "Anoia" "01.03.1998" 8.912509e-09  224.100  15.5000  61.540 196.40  3.47700 0.056100 3.167277e+00  271.827607  14.3062332  0.66907371  442.56144 398.0000  8.217
"65"  7435886  74 "Anoia" "Anoia" "01.04.1998" 4.168694e-08  235.100  16.9500  62.200 206.80  3.56000 0.061300 6.980337e+00  337.417658   7.2714018  1.17756973  469.19245 427.1000  9.096
"66"  7435916  74 "Anoia" "Anoia" "01.05.1998" 2.290868e-08  324.000  18.0580  72.960 232.00  3.46800 0.061438 1.906042e+00  406.429027  13.9978280  0.44158865  548.89051 388.1000  9.436
"67"  7435947  74 "Anoia" "Anoia" "01.06.1998" 1.174898e-08  292.600  16.3800  59.520 184.04  3.00400 1.995290 1.990953e+00  383.939472  12.9417311  1.12404383  496.63520 392.4000  9.077
"68"  7435977  74 "Anoia" "Anoia" "01.07.1998" 2.290868e-08  358.800  19.3640  65.660 209.20  3.48000 0.071097 2.008563e+00  459.796739  29.3984897  0.26762948  544.01696 372.5000  8.942
"69"  7436008  74 "Anoia" "Anoia" "01.08.1998" 8.709636e-08  120.800  13.5000  27.200 100.80  1.56000 0.064092 1.793803e+00  182.092600   8.2047223  1.79311754  242.23023 210.4000 10.700
"70"  7436039  74 "Anoia" "Anoia" "01.09.1998" 7.244360e-09  398.600  19.0840  64.940 201.00  3.53800 0.065886 6.408515e-01  437.354383   1.2042107  1.87340639  472.03671 420.7000  9.430
"71"  7436069  74 "Anoia" "Anoia" "01.10.1998" 1.698244e-08  351.800  16.5520  56.480 207.00  3.30400 0.067193 1.732513e+00  464.851776  12.0739321  1.39167331  593.21692 422.5000  8.526
"72"  7436100  74 "Anoia" "Anoia" "01.11.1998" 1.778279e-08  425.600  16.9840  59.840 205.80  3.43000 0.060602 2.876350e+00  623.067911  12.0233239  1.31138447  623.87099 413.3000 12.070
"73"  7436130  74 "Anoia" "Anoia" "01.12.1998" 3.019952e-08  280.400  15.0460  58.340 214.40  3.55200 0.083132 1.924429e+00  462.011362   8.8086034  0.66907371  693.83738 377.3000  9.122
"74"  7436161  74 "Anoia" "Anoia" "01.01.1999" 1.698244e-08  279.200  17.5240  65.000 219.60  3.39200 0.059957 1.239711e+00  368.669240   2.7610996  0.13381474  571.17343 397.8000  7.840
"75"  7436251  74 "Anoia" "Anoia" "01.04.1999" 3.326596e-09  332.000  20.3400  66.860 226.40  3.35200 0.060511 6.794224e+00  440.750091   0.8631516  2.40866535  565.41744 444.1000 13.910
"76"  7436373  74 "Anoia" "Anoia" "01.08.1999" 1.527566e-08  322.200  16.4100  62.820 191.26  3.28000 0.072325 7.171587e-01  463.447090   7.3135702  1.73959164  522.67032 425.6000  7.249
"77"  5035612  50 "At" "Anoia" "01.07.1997" 7.943282e-09   38.510   5.6830  56.490 198.00  3.07950 0.047460 1.665091e-01   54.507073   3.4928572  0.33452500  396.41944 366.5227  3.516
"78"  5035643  50 "At" "Anoia" "01.08.1997" 6.309573e-09   32.270   4.8400  57.830 202.30  2.65100 0.076286 2.705830e-01   60.002956   8.4199705  0.37468128  444.89451 313.8938  5.752
"79"  5035704  50 "At" "Anoia" "01.10.1997" 9.120108e-09   54.150   6.2530  60.150 214.20  2.76700 0.062398 2.641360e-02   61.967561   3.2067042  0.28101096  390.83641 368.4500  4.604
"80"  5035735  50 "At" "Anoia" "01.11.1997" 3.311311e-08   38.180   7.3550  45.310 170.10  2.10600 0.055824 1.928220e+00   54.228828   2.7272867  0.06690737  309.84995 306.3700  5.920
"81"  5035796  50 "At" "Anoia" "01.01.1998" 2.754229e-09   42.850   5.0500  54.640 194.70  2.58400 0.060731 6.751407e-01   55.714037   5.0003496  0.69583666  444.80816 358.4000  4.488
"82"  5035827  50 "At" "Anoia" "01.02.1998" 1.698244e-08   47.710   6.4400  53.800 198.40  2.72600 0.042648 3.093805e-01   48.768385   1.5137722  0.10705179  357.90938 326.8000  4.536
"83"  5035855  50 "At" "Anoia" "01.03.1998" 1.174898e-08   90.810   6.4210  55.460 202.20  2.66800 0.048200 7.415189e-02   91.225302   0.2692685  0.22748506  372.50118 408.2000  7.783
"84"  5035886  50 "At" "Anoia" "01.04.1998" 1.348963e-08   51.040   5.7700  55.770 200.50  2.71400 0.048700 2.933031e+00   69.389934   0.6538499  0.57540339  453.99674 409.5000  4.996
"85"  5035916  50 "At" "Anoia" "01.05.1998" 2.691535e-08   59.120   6.8230  56.200 197.60  2.52300 0.037937 4.381176e+00   84.803055   0.6554824  0.44158865  426.28363 361.4000  3.661
"86"  5035947  50 "At" "Anoia" "01.06.1998" 1.174898e-08   46.140   5.9820  51.070 176.30  2.24300 0.047365 1.222691e+00   59.306689   1.7504031  0.74936255  409.07628 365.2000  4.556
"87"  5035977  50 "At" "Anoia" "01.07.1998" 1.348963e-08   54.070   7.8890  53.170 176.80  2.31400 0.051056 1.218203e+00   70.156093   4.3359477  0.81626992  411.51343 363.9000  4.942
"88"  5036008  50 "At" "Anoia" "01.08.1998" 3.311311e-08   96.270   7.5650  46.530 221.90  2.06300 0.129761 9.786231e-02  111.828290   0.4183515  0.66907371  361.30540 631.4000 80.190
"89"  5036039  50 "At" "Anoia" "01.09.1998" 1.778279e-08   94.740   8.7530  58.110 199.90  2.74000 0.053320 1.764502e+00  110.426780  11.6383532  0.86979582  440.23442 406.7000  6.769
"90"  5036100  50 "At" "Anoia" "01.11.1998" 1.778279e-08   73.980   5.9120  56.260 217.00  2.79200 0.054352 9.016278e-01  121.655950   2.2128719  0.24086654  384.33012 399.1000  4.685
"91"  5036130  50 "At" "Anoia" "01.12.1998" 3.162278e-08   64.620   6.6450  54.940 212.20  2.76900 0.068504 2.428169e+00  105.790947   2.8771048  0.80288845  485.92428 388.6000  5.231
"92"  5036161  50 "At" "Anoia" "01.01.1999" 2.290868e-08   67.020  20.2400  58.800 233.60  2.58700 0.052936 1.473747e+00   78.343007   8.0745847  0.13381474  493.75722 474.6000  9.469
"93"  5036251  50 "At" "Anoia" "01.04.1999" 1.321296e-08   75.970   8.0030  59.190 231.60  2.60500 0.048198 2.038640e+00   78.146834   9.5906347  0.40144423  430.69645 426.0000  6.034
"94"  5036373  50 "At" "Anoia" "01.08.1999" 1.710015e-08  104.900   7.8150  55.860 198.90  2.62600 0.060321 6.939386e+00  134.952528   1.5785482  0.53525897  415.10088 505.0000  8.870
"95"  5135612  51 "At" "Anoia" "01.07.1997" 6.309573e-09   68.400   5.8310  93.130 152.90  6.14879 0.048480 2.137976e-01   82.254070  19.1705933  0.21409600  405.67893 405.9944  6.370
"96"  5135643  51 "At" "Anoia" "01.08.1997" 7.943282e-09   67.020   6.5780  90.490 152.20  5.31700 0.068813 9.953080e-02   85.234098  21.6883611  0.17395916  367.40402 380.5943  4.046
"97"  5135674  51 "At" "Anoia" "01.09.1997" 7.943282e-09   66.350   6.2920  90.960 146.50  5.25200 0.061223 2.843675e-01   88.355471  34.2866179  0.09367032  408.81726 404.8768  3.062
"98"  5135765  51 "At" "Anoia" "01.12.1997" 9.332543e-09   73.850   6.7040  98.040 163.90  5.98900 0.056346 4.688134e-02   90.616931  26.4390958  0.25424801  462.75327 432.7800  3.492
"99"  5135796  51 "At" "Anoia" "01.01.1998" 2.570396e-09   57.800   4.0550  80.800 134.90  4.17100 0.073527 3.675615e-02   80.373199  12.9904368  0.25424801  416.97585 415.0400  4.975
"100"  5135827  51 "At" "Anoia" "01.02.1998" 4.786301e-09  173.900   4.7460  76.230 142.10  4.06800 0.043174 6.736051e-02   62.346099  12.3083965  0.28101096  540.54139 300.1000  3.741
"101"  5135855  51 "At" "Anoia" "01.03.1998" 5.623413e-09   70.160   4.9500  82.240 141.30  4.47100 0.046900 4.728717e-02   64.928363  12.2453431  0.21410359  338.59125 393.8000  4.245
"102"  5135886  51 "At" "Anoia" "01.04.1998" 5.623413e-09   76.370   5.5120  89.370 148.00  5.13900 0.046100 8.506508e-02   80.983534  15.4397983  0.17395916  508.47577 370.5000  3.771
"103"  5135916  51 "At" "Anoia" "01.05.1998" 1.174898e-08  109.500   9.8930 190.700 162.70  6.66600 0.048468 4.159501e-01  100.528042   2.8854610  0.20072211  912.05492 332.5000  6.163
"104"  5136130  51 "At" "Anoia" "01.12.1998" 2.511886e-08  105.300   6.9980  99.200 188.80  6.12200 0.059077 5.250906e-01   92.759136  10.4816564  0.66907371  752.43635 402.9000  4.088
"105"  5136161  51 "At" "Anoia" "01.01.1999" 6.456542e-09   63.760   4.6490  81.990 158.70  3.77000 0.049189 1.422526e-01   63.776694  14.2371263  0.26762948  435.13949 382.2000  3.240
"106"  5136251  51 "At" "Anoia" "01.04.1999" 1.216186e-08  101.700   6.2780 104.300 165.40  5.51400 0.037204 7.818968e-02   95.461396   8.1488236  0.13381474  629.24576 382.0000  3.468
"107"  6535612  65 "At" "Anoia" "01.07.1997" 1.000000e-08   21.100   2.3820  40.830 179.60  3.23049 0.137060 2.009210e-01   32.334899   3.4997489  0.14719100  217.76964 333.4519  3.502
"108"  6535643  65 "At" "Anoia" "01.08.1997" 1.000000e-08   22.820   2.0440  43.070 197.40  2.99000 0.077501 9.169115e-02   47.219516   7.1694191  0.34791833  370.48124 297.0282  5.491
"109"  6535674  65 "At" "Anoia" "01.09.1997" 1.258925e-08   30.320   2.8690  41.960 189.10  2.94000 0.066702 2.660545e-01   48.183453   3.8714000  0.12043327  372.35932 335.0267  4.889
"110"  6535735  65 "At" "Anoia" "01.11.1997" 4.466836e-08   17.520   4.0110  39.950 180.30  2.67800 0.073103 2.448287e-01   30.826100   1.2786998  0.93670319  332.86234 284.6200  4.218
"111"  6535765  65 "At" "Anoia" "01.12.1997" 5.714786e-09   53.560   2.8310  46.250 204.50  3.34900 0.057044 9.299161e-01   64.253581   7.0292585  0.58878486  467.52029 321.8900  4.585
"112"  6535796  65 "At" "Anoia" "01.01.1998" 1.258925e-09   41.230   2.0910  38.370 170.10  2.54600 0.044709 3.229955e-01   62.267521   7.3622690  0.26762948  398.85962 312.4900  3.889
"113"  6535827  65 "At" "Anoia" "01.02.1998" 1.737801e-08   32.220   1.6380  42.230 189.10  3.01400 0.045158 2.140702e-01   36.234547   8.9747341  0.14719622  325.92027 398.1000  3.496
"114"  6535855  65 "At" "Anoia" "01.03.1998" 6.918310e-09   33.450   1.9910  40.560 184.20  2.82700 0.037300 2.300879e-01   31.625650   8.0916321  0.17395916  315.00417 315.6000  3.720
"115"  6535886  65 "At" "Anoia" "01.04.1998" 1.318257e-08   68.360   3.2230  41.750 177.90  2.91700 0.040900 1.909214e-01   88.138888  10.2870571  0.52187749  491.30693 306.2000  6.056
"116"  6535916  65 "At" "Anoia" "01.05.1998" 2.089296e-08   73.420   2.6530  47.250 200.30  3.31400 0.040001 3.950567e-01   95.049421   2.2555164  0.46835160  448.03154 310.7000  3.075
"117"  6535947  65 "At" "Anoia" "01.06.1998" 1.445440e-08   48.620   2.3060  41.410 187.20  3.02900 0.043645 1.302128e+00   59.107262   2.5100384  0.99022909  419.99396 334.0000  6.249
"118"  6535977  65 "At" "Anoia" "01.07.1998" 1.995262e-08   53.490   2.5960  40.460 183.80  3.03200 0.042066 1.470811e+00   68.521765   4.3223403  0.50849602  412.87800 323.6000  4.057
"119"  6536008  65 "At" "Anoia" "01.08.1998" 2.089296e-08    8.589   5.0200  21.230 102.50  1.40900 0.123540 4.009633e-01   15.489640   7.2733467  0.84303287  239.93277 146.0000  4.474
"120"  6536039  65 "At" "Anoia" "01.09.1998" 2.511886e-08  103.800   4.0820  46.500 208.50  3.82400 0.049513 1.254675e+00  118.088116   8.9171377  0.57540339  445.63432 341.5000  7.920
"121"  6536130  65 "At" "Anoia" "01.12.1998" 2.511886e-08   35.410   2.7590  35.510 189.30  2.80200 0.058992 6.638135e-01   76.195260   6.1727624  0.26762948  456.39232 317.8000  5.537
"122"  6536161  65 "At" "Anoia" "01.01.1999" 2.511886e-08   56.700   2.7040  42.060 195.60  2.66900 0.047743 3.513556e-01   74.315360   3.7759037  0.40144423  407.25734 324.9000  3.780
"123"  6536251  65 "At" "Anoia" "01.04.1999" 1.393157e-08   97.310   3.5020  50.970 245.40  3.55700 0.046878 4.302064e-01  195.122379   1.0564595  0.13381474  581.26421 278.5000  8.536
"124" 12035612 120 "At" "Anoia" "01.07.1997" 1.000000e-08  202.000  37.1600  60.430 153.80  2.17087 0.057300 1.108345e+00  293.677972  10.4194565  8.83146000  286.74148 487.5286 10.910
"125" 12035643 120 "At" "Anoia" "01.08.1997" 1.000000e-08  213.900  29.1500  51.280 159.70  1.41600 0.050292 2.306761e+00  306.134372   8.0534610 11.45454190  260.67311 466.4973 10.250
"126" 12035674 120 "At" "Anoia" "01.09.1997" 1.000000e-08  218.600  48.3500  51.480 151.30  1.57000 0.040666 1.005955e+00  264.987146  41.6712494 15.40207678  275.90375 518.1610 11.100
"127" 12035704 120 "At" "Anoia" "01.10.1997" 9.120108e-09  248.700  30.2100  49.640 158.30  1.53700 0.037970 5.164824e-02  319.823025  38.8620918 14.93372518  380.72556 505.3400  9.532
"128" 12035765 120 "At" "Anoia" "01.12.1997" 2.290868e-08  149.200  37.5000  60.900 142.70  1.78000 0.317007 3.635313e-01  235.403385   9.5452729  4.45603090  268.67125 419.9800  9.401
"129" 12035796 120 "At" "Anoia" "01.01.1998" 8.128305e-09  174.400  87.0300  97.560 169.00  2.23200 0.126267 3.785741e-01  352.835178  54.2989838  2.76996516  341.67952 557.5000  7.149
"130" 12035827 120 "At" "Anoia" "01.02.1998" 6.456542e-09  175.900  48.8300  86.380 157.80  2.15700 0.072366 2.554874e-01  214.908604  17.5386743  3.37213149  285.47633 561.9000  6.379
"131" 12035855 120 "At" "Anoia" "01.03.1998" 5.128614e-09  182.600  58.6100  90.570 153.80  2.16000 0.075600 6.328618e-01  236.473139  18.0725154  3.25169823  320.21751 505.1000  8.398
"132" 12035886 120 "At" "Anoia" "01.04.1998" 8.317638e-09  173.800  80.1900  94.780 142.20  2.16400 0.067100 5.060093e-01  309.778571  19.5815470  3.01083169  371.71122 538.5000  7.627
"133" 12035916 120 "At" "Anoia" "01.05.1998" 9.772372e-09  241.200  44.0200  72.760 143.04  1.92560 0.038682 8.015146e-01  355.613657   0.8870815 13.99702199  331.01052 508.0000  8.600
"134" 12035947 120 "At" "Anoia" "01.06.1998" 1.905461e-08  289.400  20.5600  56.900 168.28  2.52000 0.053509 4.044703e+00  381.956971   8.1173547  9.98257974  431.68558 461.2000  7.764
"135" 12035977 120 "At" "Anoia" "01.07.1998" 1.318257e-08  298.100  25.4900  60.420 171.90  2.10100 0.038500 7.412841e-01  370.044988   2.6968533  9.90229089  322.24689 500.9000  8.824
"136" 12036008 120 "At" "Anoia" "01.08.1998" 1.621810e-08  293.100  29.8100  49.340 143.30  1.70400 0.044036 3.903038e-01  406.114813   4.7927468 14.43861064  353.79375 441.6000 10.410
"137" 12036039 120 "At" "Anoia" "01.09.1998" 1.548817e-08  359.800  40.8000  53.320 157.46  2.03400 0.027764 4.847923e-01  407.591149   7.0057753 13.28780386  363.06586 506.8000  9.647
"138" 12036069 120 "At" "Anoia" "01.10.1998" 1.230269e-08  128.960  17.0380  19.616 104.94  1.87440 0.076148 3.033226e-01  447.024527  58.7669039 17.97131982  342.83693 402.1000  8.313
"139" 12036100 120 "At" "Anoia" "01.11.1998" 1.071519e-08  355.600  35.7600  52.700 185.86  2.14200 0.027597 5.467912e-01  487.310972   1.2032696 11.98980087  352.00456 505.4000  8.982
"140" 12036130 120 "At" "Anoia" "01.12.1998" 1.995262e-08  188.800  29.4000  49.360 138.40  1.66500 0.059671 1.508421e+00  318.384796   3.4210553  4.95114545  457.19765 356.8000  7.425
"141" 12036161 120 "At" "Anoia" "01.01.1999" 1.348963e-08  200.000  44.0600  81.660 168.82  2.03400 0.075246 1.657609e+00  252.798141   8.8721776  1.33814742  315.77284 480.2000  7.233
"142" 12036251 120 "At" "Anoia" "01.04.1999" 9.794900e-09  218.000  57.5000  68.940 132.32  1.64800 0.043652 1.438251e+00  319.905922   4.8482572 12.57858573  243.55813 469.5000  9.800
"143" 12036373 120 "At" "Anoia" "01.08.1999" 1.548817e-08  283.600  25.5600  51.100 151.64  1.61340 0.011835 2.304113e-01  432.240091  42.6051666 26.49531888  357.34754 393.7000  8.614
"144"  2535582  25 "Cardener" "Cardener" "01.06.1997" 5.011872e-09   12.940   1.3300  11.970  79.99  1.29872 0.043830 6.603710e-02   20.319865   1.4770094  0.05352590   86.62960 163.8811  0.946
"145"  2535612  25 "Cardener" "Cardener" "01.07.1997" 6.309573e-09   11.620   0.7879  11.330  77.05  1.40917 0.043190 5.453032e-01   18.424568   1.0571919  0.04014300   78.90728 182.0168  2.519
"146"  2535765  25 "Cardener" "Cardener" "01.12.1997" 1.164126e-08    9.310   0.9474  11.590  84.14  1.18200 0.059544 3.282943e-02   16.019615   1.5621454  0.02676295   82.22521 189.8000  0.861
"147"  2535916  25 "Cardener" "Cardener" "01.05.1998" 9.120108e-09   10.990   1.1200   9.572  75.07  1.09400 0.027285 5.063025e-02   16.696510   1.4214498  0.04014442   81.87869 166.3000  0.863
"148"  2535947  25 "Cardener" "Cardener" "01.06.1998" 7.413102e-09    9.566   0.7304   9.486  73.54  1.12100 0.033739 4.176809e-02   13.318301   1.3813020  0.09367032   89.54983 176.8000  1.216
"149"  2535977  25 "Cardener" "Cardener" "01.07.1998" 6.760830e-09   11.950   0.6470   9.670  75.79  1.18100 0.028751 7.061861e-02   16.346674   1.1452491  0.06690737   85.16448 177.7000  0.990
"150"  2536100  25 "Cardener" "Cardener" "01.11.1998" 6.456542e-09   14.990   1.2170  11.010  81.87  1.35200 0.058417 6.692494e-02   22.070459   1.6085396  1.28462152  100.70504 177.2000  1.325
"151"  2536251  25 "Cardener" "Cardener" "01.04.1999" 1.148154e-08   12.280   0.5916  13.250  87.49  1.30000 0.038282 1.199042e-02   13.057621   1.1074779  0.13381474   77.52144 177.9000  0.826
"152"   135582   1 "Cardener" "Cardener" "01.06.1997" 5.011872e-09   23.100   2.4300  16.410  83.79  1.41418 0.045620 7.613202e-02   36.270707   6.5626958  0.16057769   76.20136 192.0244  2.140
"153"   135612   1 "Cardener" "Cardener" "01.07.1997" 7.943282e-09   89.820  12.1900  20.660  87.66  1.79127 0.058510 1.751206e-01  181.306340   6.7747901  0.14719100   95.85381 237.5921  2.558
"154"   135674   1 "Cardener" "Cardener" "01.09.1997" 1.000000e-08  265.400  18.0000  20.340  84.81  1.38500 0.058239 7.000887e-02  505.418735   2.8378741  0.09367032  117.08715 204.9784  1.636
"155"   135735   1 "Cardener" "Cardener" "01.11.1997" 2.187762e-08  340.400  21.7100  21.120  90.11  1.40500 0.059680 1.236202e-01  564.932551   0.6254996  0.14719622  144.76762 194.0800  2.447
"156"   135765   1 "Cardener" "Cardener" "01.12.1997" 7.161434e-09  116.800  11.2100  21.990  92.80  1.54600 0.057321 2.413594e-02  221.727191   2.3377114  0.58878486  112.70763 183.6300  0.862
"157"   135827   1 "Cardener" "Cardener" "01.02.1998" 2.511886e-08   36.140   4.1080  17.170  85.64  1.41900 0.055597 3.357689e-01   48.567219   9.8336562  0.25424801   81.21400 207.8000  2.431
"158"   135855   1 "Cardener" "Cardener" "01.03.1998" 7.079458e-09   74.540  10.3700  23.010  95.17  1.71400 0.053700 4.756280e-03  128.989548   7.9065114  0.13381474   92.52176 199.2000  2.911
"159"   135916   1 "Cardener" "Cardener" "01.05.1998" 1.122018e-08   58.500   7.4880  21.570  91.00  1.67200 0.054239 1.026936e-01  124.861842   2.6143099  0.09367032  109.71513 187.0000  2.848
"160"   135947   1 "Cardener" "Cardener" "01.06.1998" 1.174898e-08   50.580   5.9400  16.790  80.30  1.42200 0.050615 8.379116e-02   96.423481   2.6868213  0.17395916  102.07276 188.0000  1.845
"161"   135977   1 "Cardener" "Cardener" "01.07.1998" 7.762471e-09  166.100   9.0870  13.200  74.49  1.27800 0.040175 3.565005e-02  236.747247   2.5906513  0.10705179  108.67911 188.4000  2.449
"162"   136039   1 "Cardener" "Cardener" "01.09.1998" 1.258925e-08   59.750   6.6580  16.350  82.94  1.48800 0.047223 5.626647e-02  100.930091   5.9974159  0.12043327  114.32718 179.3000  2.549
"163"   136069   1 "Cardener" "Cardener" "01.10.1998" 1.995262e-08  189.700  13.4100  15.530  80.94  1.44200 0.048832 2.451471e+00  284.439329   2.4729750  0.28101096  113.43896 206.5000  4.437
"164"   136100   1 "Cardener" "Cardener" "01.11.1998" 1.621810e-08   49.450   6.6660  17.290  85.98  1.59500 0.128317 5.469936e-02  117.961239  38.9006985  1.09728088   79.83409 176.7000  1.414
"165"   136161   1 "Cardener" "Cardener" "01.01.1999" 1.995262e-08   57.470   6.8510  18.320  90.31  1.40200 0.045604 4.582323e-01   96.685845   4.8859254  0.26762948  124.69832 182.4000  3.363
"166"   136251   1 "Cardener" "Cardener" "01.04.1999" 1.527566e-08   20.670   1.7890  15.020  83.30  1.42300 0.040530 1.597940e-02   28.428202   2.5102908  0.53525897  106.82731 167.8000  1.399
"167"   136373   1 "Cardener" "Cardener" "01.08.1999" 2.570396e-08   12.230   0.9890  12.280  77.17  1.39200 0.044741 8.235945e-02   15.215706   2.7101033  0.13381474   83.35428 177.4000  0.894
"168" 11935582 119 "Cardener" "Cardener" "01.06.1997" 7.943282e-09  360.400  87.9700  60.780 107.40  2.87704 0.052140 1.115338e-01  841.264452   3.6827309  0.38806275  114.85967 205.7404  3.228
"169" 11935612 119 "Cardener" "Cardener" "01.07.1997" 6.309573e-09  742.000  96.5800  60.040 129.50  3.29023 0.065570 5.820316e-01 1222.341053   4.0644011  0.30776300  139.60332 259.6901  3.042
"170" 11935643 119 "Cardener" "Cardener" "01.08.1997" 5.011872e-09  281.400  62.7600  40.550  87.07  1.85400 0.082877 6.080172e-02  736.625962   6.6691787  0.40144423  102.91061 212.9032  2.572
"171" 11935674 119 "Cardener" "Cardener" "01.09.1997" 3.981072e-09  248.000  59.9200  47.320  95.83  2.26100 0.068432 1.064850e-01  520.585759   3.0717614  0.17395916  117.57671 217.8308  2.173
"172" 11935704 119 "Cardener" "Cardener" "01.10.1997" 4.168694e-09  294.500  76.2600  45.630  88.50  1.96800 0.061591 5.567488e-02  647.403053   4.0168750  0.38806275  132.69001 185.9300  2.467
"173" 11935735 119 "Cardener" "Cardener" "01.11.1997" 7.762471e-09  375.900  79.6400  52.850 100.70  2.30500 0.083841 1.346491e-01  728.020536   1.5415007  0.17395916  152.05241 203.3000  2.047
"174" 11935765 119 "Cardener" "Cardener" "01.12.1997" 1.238797e-08  437.200 130.2000  70.330 104.30  2.45200 0.062970 2.105069e-01  900.590388   4.1271790  0.40144423  131.84881 199.2600  2.367
"175" 11935796 119 "Cardener" "Cardener" "01.01.1998" 5.128614e-08  365.500  77.9100  51.530  96.34  2.04100 0.167348 3.420235e-02  793.948716   9.7074722  0.25424801  149.60627 213.1900  2.492
"176" 11935827 119 "Cardener" "Cardener" "01.02.1998" 7.244360e-09  291.000  48.4800  36.530  95.74  2.00400 0.060866 2.133689e-01  505.682836   9.1502627  0.13381474  126.80387 203.9000  3.157
"177" 11935855 119 "Cardener" "Cardener" "01.03.1998" 8.128305e-09  319.900  60.3000  47.420  98.39  2.34000 0.065800 8.379902e-02  718.542310   7.5109549  0.13381474  121.76010 211.7000  2.502
"178" 11935886 119 "Cardener" "Cardener" "01.04.1998" 8.128305e-09  283.300  63.4700  44.860  93.67  2.15500 0.054300 3.686760e-01  654.538204   3.4562785  0.45497012   88.91393 197.7000  2.508
"179" 11935916 119 "Cardener" "Cardener" "01.05.1998" 8.912509e-09  139.000  12.3900  18.800  79.76  1.49600 0.047837 8.813068e-02  265.836850   3.2419067  0.28101096  116.68862 188.7000  2.034
"180" 11935947 119 "Cardener" "Cardener" "01.06.1998" 9.549926e-09  262.800  65.1400  46.140  88.18  2.06200 0.049131 2.320439e-01  570.475138   1.2282762  0.30777391  122.46326 191.5000  1.541
"181" 11935977 119 "Cardener" "Cardener" "01.07.1998" 7.943282e-09  194.600  45.7400  35.670  93.03  1.92500 0.044966 1.659985e-01  385.125798   3.0933868  0.17395916  118.58424 191.7000  1.771
"182" 11936008 119 "Cardener" "Cardener" "01.08.1998" 1.023293e-08  228.400  54.0000  37.380  83.96  1.82700 0.051778 2.316984e-01  493.616366   3.3212814  0.25424801  122.65606 193.9000  1.349
"183" 11936039 119 "Cardener" "Cardener" "01.09.1998" 1.000000e-08  269.200  59.2000  39.560  89.36  2.05200 0.050479 6.138431e-02  482.731558   4.7213728  0.25424801  130.72504 191.4000  3.258
"184" 11936069 119 "Cardener" "Cardener" "01.10.1998" 1.659587e-08  562.000 217.6500 104.500 108.40  2.84800 0.062489 1.485061e-01 1391.620825   4.3034455  0.12043327  160.24523 175.2000  2.359
"185" 11936100 119 "Cardener" "Cardener" "01.11.1998" 9.332543e-09  203.200  56.2100  40.550  92.40  2.12400 0.111302 1.767202e-01  458.109049   1.1875167  0.29439243  120.91948 177.3000  1.774
"186" 11936251 119 "Cardener" "Cardener" "01.04.1999" 1.415794e-08  210.400  63.2800  47.860  93.28  2.08400 0.040494 1.597940e-02  461.006171   1.2469863  0.26762948  126.91646 165.6000  1.457
"187" 11936373 119 "Cardener" "Cardener" "01.08.1999" 2.398833e-08  129.800  37.9800  33.010  90.33  1.92000 0.045321 8.235945e-02  292.239959   2.5308273  0.26762948  124.29902 184.3000  0.650
"188"   235582   2 "Cardener" "Cardener" "01.06.1997" 2.511886e-08  263.200  56.3500  47.850 112.30  2.45100 0.050680 3.375015e+00  422.399560   6.8846652  1.43181774  150.54424 215.1384  5.365
"189"   235612   2 "Cardener" "Cardener" "01.07.1997" 1.258925e-08  958.100  75.9700  51.710 140.20  3.28460 0.063120 2.867584e+00 1544.208019  42.1213284  1.15076600  184.73652 272.3901  3.833
"190"   235643   2 "Cardener" "Cardener" "01.08.1997" 1.000000e-08  321.800  65.1100  51.120 113.40  2.30200 0.095404 1.798360e+00  634.926686   7.8706077  1.27124005  164.80065 232.5629  3.360
"191"   235674   2 "Cardener" "Cardener" "01.09.1997" 5.011872e-09  260.600  58.4600  43.150 103.80  2.07100 0.065702 1.034634e+00  538.839315  14.2395246  1.45858069  180.94524 233.6805  2.235
"192"   235704   2 "Cardener" "Cardener" "01.10.1997" 1.584893e-08  261.000  62.5600  50.560 117.80  2.40500 0.069987 1.233394e-02  487.165733  14.6575081  0.74936255  185.57612 195.7700  4.553
"193"   235735   2 "Cardener" "Cardener" "01.11.1997" 6.918310e-08  261.700  60.2600  47.190 107.60  2.17600 0.059252 2.467832e+00  539.122948   7.8716236  1.95369523  210.18699 210.8800  3.492
"194"   235765   2 "Cardener" "Cardener" "01.12.1997" 8.317638e-09  261.300  60.4700  50.230 112.10  2.22000 0.058733 8.084934e+00  560.507908  13.8383718  1.81988049  191.79876 247.5000  5.066
"195"   235796   2 "Cardener" "Cardener" "01.01.1998" 3.630781e-08  302.400  57.8100  46.910 102.30  2.04900 0.059596 1.764260e+00  640.818394  13.0328955  0.78950698  195.82251 239.1000  3.904
"196"   235827   2 "Cardener" "Cardener" "01.02.1998" 6.456542e-08  317.000  57.7600  46.120 107.90  2.20800 0.629875 2.781495e+00  506.046056  19.3465131  1.05713646  134.87355 230.7000  3.910
"197"   235855   2 "Cardener" "Cardener" "01.03.1998" 1.479108e-08  304.000  52.8700  47.820 112.40  2.36700 0.060400 3.645639e+00  518.172445  10.4547464  1.49872511  162.78797 241.0000  3.835
"198"   235886   2 "Cardener" "Cardener" "01.04.1998" 6.025596e-08  225.700  49.9600  41.730 103.30  2.09900 0.053300 4.552166e+00  484.078852   6.3150364  2.00722113  153.99296 228.7000  4.943
"199"   235916   2 "Cardener" "Cardener" "01.05.1998" 1.023293e-07  268.700  57.8800  44.210 105.10  2.15700 0.052300 1.100195e+01  522.440329   5.2656660  2.00722113  178.06333 193.2000  5.171
"200"   235947   2 "Cardener" "Cardener" "01.06.1998" 1.348963e-08  254.600  57.2400  44.060 103.78  2.14400 0.054445 4.036596e+00  519.878707  25.5580940  0.88317730  397.31729 220.1000  3.583
"201"   235977   2 "Cardener" "Cardener" "01.07.1998" 3.467369e-08  208.500  48.0400  37.590  96.33  1.98700 0.051539 2.352475e+00  394.811258   6.5771463  1.35152889  164.58136 204.4000  3.738
"202"   236008   2 "Cardener" "Cardener" "01.08.1998" 4.365158e-08  186.300  43.8600  34.010  93.52  1.81200 0.050767 2.453537e+00  402.713343   6.3502651  2.10089145  148.93494 216.2000  3.419
"203"   236039   2 "Cardener" "Cardener" "01.09.1998" 3.162278e-08  231.400  51.6200  37.840 104.10  2.02400 0.051387 3.135971e+00  454.521091   0.7871620  1.77973607  146.20054 190.4000  3.052
"204"   236069   2 "Cardener" "Cardener" "01.10.1998" 3.890451e-08  153.200  39.7600  30.120  86.97  1.62700 0.151101 4.411845e+00  309.073301   1.5010608  1.77973607  136.42331 186.0000  5.620
"205"   236130   2 "Cardener" "Cardener" "01.12.1998" 7.762471e-08  200.000  47.6200  36.980 105.20  2.14700 0.050162 6.132630e+00  374.581590  27.3274501  2.26146914  201.05793 184.6000  5.270
"206"   236161   2 "Cardener" "Cardener" "01.01.1999" 4.897788e-08  535.200  66.0700  37.750 105.70  1.92600 0.055182 3.022967e+00  844.450355  17.5982435  1.47196216  154.68055 175.1000  3.913
"207"   236251   2 "Cardener" "Cardener" "01.04.1999" 1.510080e-08  178.300  46.9000  41.600 110.20  2.03900 0.043290 6.167295e+00  351.018567  20.4914422  2.40866535  184.10608 181.9000  3.741
"208"   236373   2 "Cardener" "Cardener" "01.08.1999" 2.630268e-08  116.400  31.6600  28.730  92.30  1.80900 0.053132 1.983374e+00  218.321811  11.5139800  2.27485061  105.36882 193.9000  3.433
"209"  4535582  45 "Ct" "Cardener" "01.06.1997" 3.981072e-09   15.780   3.1900  23.370  88.72  1.36750 0.070940 9.772121e-02   23.775839  12.8347943  0.02676295  129.18872 183.1344  2.256
"210"  4535674  45 "Ct" "Cardener" "01.09.1997" 6.309573e-09    6.170   2.2760  15.550  67.14  0.90200 0.073387 1.983168e-02   10.216951   3.9069179  0.22748506   83.98462 180.4420  1.589
"211"  4535735  45 "Ct" "Cardener" "01.11.1997" 1.412538e-08    7.282   2.0840  17.990  84.08  1.13900 0.077112 4.569196e-02    7.657765   2.3355608  0.02676295  106.50939 186.1600  1.019
"212"  4535765  45 "Ct" "Cardener" "01.12.1997" 1.545254e-08   10.810   1.8940  20.430  91.26  1.22200 0.083628 1.989786e-02   11.785706   6.5165451  0.04014442  120.10376 207.1300  2.043
"213"  4535855  45 "Ct" "Cardener" "01.03.1998" 5.754399e-09    9.526   1.5640  19.470  85.85  1.17200 0.073800 1.750547e-02   12.096145   9.6666654  0.02676295   96.27654 207.1000  1.879
"214"  4535916  45 "Ct" "Cardener" "01.05.1998" 7.244360e-09    9.749   1.7030  18.510  81.25  1.17800 0.075245 4.065671e-02   10.799608  13.1957264  0.08028885  127.56579 180.3000  2.706
"215"  4535947  45 "Ct" "Cardener" "01.06.1998" 7.585776e-09   14.650   2.7880  19.670  84.18  1.13800 0.085114 7.502344e-02   16.572870  19.4922094  0.06690737  126.53559 213.2000  3.343
"216"  4535977  45 "Ct" "Cardener" "01.07.1998" 7.413102e-09   15.380   2.1390  20.600  85.99  1.17500 0.079696 3.565005e-02   19.010659  22.4676021  0.06690737  129.04066 203.1000  2.053
"217"  4536039  45 "Ct" "Cardener" "01.09.1998" 9.120108e-09   14.030   2.6800  18.800  79.99  1.10900 0.074854 4.600882e-02   17.823784   5.7857885  0.04014442  134.00961 191.4000  3.153
"218"  4536100  45 "Ct" "Cardener" "01.11.1998" 9.549926e-09   15.620   2.3680  20.400  95.43  1.35600 0.087440 6.692494e-02   49.634959   9.7924149  4.50955680  193.98132 201.6000  1.744
"219"  4536130  45 "Ct" "Cardener" "01.12.1998" 1.202264e-08   17.270   2.2000  21.120  97.68  1.41800 0.081121 1.214581e-01   28.480610  15.7865528  0.12043327  209.87107 210.0000  2.139
"220"  4536161  45 "Ct" "Cardener" "01.01.1999" 8.128305e-09    5.850   1.3250  14.420  87.39  0.88380 0.053855 1.262257e-01    5.441236   2.6103513  0.13381474   88.92408 211.4000  2.739
"221" 12635582 126 "Ct" "Cardener" "01.06.1997" 7.943282e-09   77.920  10.4100  36.200 124.90  2.69771 0.063200 1.316321e-01   97.598275  15.4139959  4.40250501  182.66881 334.8743  7.890
"222" 12635612 126 "Ct" "Cardener" "01.07.1997" 6.309573e-09   34.740  11.5400  19.360  70.70  1.51503 0.054880 1.343734e+00   59.761605  27.5282449  3.13115400   84.74307 229.3117  9.266
"223" 12635674 126 "Ct" "Cardener" "01.09.1997" 6.309573e-09  113.300  14.3200  32.680 129.30  2.55100 0.090528 4.723234e-02  135.779310  30.0303147  5.86108569  178.14144 323.3934  8.496
"224" 12635704 126 "Ct" "Cardener" "01.10.1997" 5.888437e-09  147.900  17.7700  28.800 120.50  2.19900 0.104539 2.472178e-01  194.833963  64.7916318  8.17608072  228.07370 293.6000 13.600
"225" 12635735 126 "Ct" "Cardener" "01.11.1997" 1.659587e-08  114.500  14.8700  28.220 117.80  2.18400 0.088282 2.517739e-01  168.796695  36.8444902  7.35981080  171.14701 290.7100 10.240
"226" 12635765 126 "Ct" "Cardener" "01.12.1997" 1.399587e-08  133.700  15.8300  32.560 133.30  2.54900 0.078449 3.049207e+00  152.295815  21.6888923  7.44009964  181.98423 320.3800 14.260
"227" 12635796 126 "Ct" "Cardener" "01.01.1998" 3.801894e-08   73.260   7.5130  37.100 122.80  2.16700 0.112156 2.245583e-02  123.208846  75.3164841  2.02060260  185.24121 342.1700  6.456
"228" 12635827 126 "Ct" "Cardener" "01.02.1998" 7.244360e-09   58.890   8.6760  33.400 122.20  2.17500 0.092944 1.591560e-01   76.541597  54.8735873  2.48895420  130.67381 320.1000  6.216
"229" 12635855 126 "Ct" "Cardener" "01.03.1998" 5.623413e-09   73.230   7.9380  39.330 132.40  2.55900 0.100000 3.598209e-03   91.523032  55.9509507  2.19456177  121.87836 291.6000  7.458
"230" 12635886 126 "Ct" "Cardener" "01.04.1998" 4.786301e-09   96.580  11.4300  35.220 123.90  2.48900 0.090000 3.807888e-03  145.433314  28.2846134  3.02421316  163.82565 297.0000  8.648
"231" 12635916 126 "Ct" "Cardener" "01.05.1998" 1.000000e-08  120.200  10.5700  32.870 116.80  2.32200 0.076579 8.813068e-02  190.137718  30.7016228  4.20178289  176.67226 347.9000  8.389
"232" 12635947 126 "Ct" "Cardener" "01.06.1998" 8.317638e-09  120.300  11.2200  31.380 113.30  2.26700 0.080769 1.099011e-01  145.630050   9.1886510  7.19923311  166.79423 316.8000  8.795
"233" 12635977 126 "Ct" "Cardener" "01.07.1998" 8.709636e-09  137.900   8.6140  34.220 124.20  2.46100 0.040495 7.970132e-02  165.565207   0.5004867  7.66758471  180.44840 377.2000 10.640
"234" 12636008 126 "Ct" "Cardener" "01.08.1998" 1.621810e-08   52.650   6.9200  17.790  75.24  1.39900 0.044388 1.713771e+00   67.746174   9.5779171  7.73449208  104.78409 200.7000 11.790
"235" 12636039 126 "Ct" "Cardener" "01.09.1998" 1.174898e-08   62.740  13.9500  21.050  79.80  1.74800 0.049127 5.626647e-02   68.224938   5.2310531 11.69540843  107.93568 242.2000  9.582
"236" 12636161 126 "Ct" "Cardener" "01.01.1999" 1.096478e-07   42.990  11.6100  14.040  62.70  0.94930 0.032439 5.967483e+00   48.695719  14.6312263  3.47918329   73.78353 131.5000  8.696
"237" 12636251 126 "Ct" "Cardener" "01.04.1999" 2.443431e-08  138.300  16.7900  28.030 126.10  2.17800 0.053761 1.597940e-02  214.361218  66.3308857  9.90229089  221.65626 270.3000 15.720
"238" 12636373 126 "Ct" "Cardener" "01.08.1999" 2.249055e-08  102.700  13.9900  19.410  88.69  1.69600 0.029113 1.059312e-01  123.190078  15.4344967 11.10662357  140.48633 281.1000  9.785
"239" 11735582 117 "UpperLLobregat" "UpperLLobregat" "01.06.1997" 6.309573e-09    4.650   1.2500   5.210  64.63  0.19224 0.017300 8.017757e-02    2.166462   1.4776146  0.44158865   21.48496 162.8651  1.438
"240" 11735612 117 "UpperLLobregat" "UpperLLobregat" "01.07.1997" 5.011872e-09    4.956   0.8273   7.086  63.48  0.32860 0.035040 1.528712e-01    9.565912   1.7690303  0.16057200   42.95918 197.3076  1.916
"241" 11735643 117 "UpperLLobregat" "UpperLLobregat" "01.08.1997" 5.011872e-09    2.233   0.7421   5.417  58.52  0.25110 0.090979 1.132194e-01    4.772695   1.8397726  0.32115538   26.90822 188.6716  0.630
"242" 11735674 117 "UpperLLobregat" "UpperLLobregat" "01.09.1997" 3.981072e-09    3.383   0.7667   6.623  65.84  0.29420 0.125700 1.750386e-01    2.779740   2.1623626  0.22748506   41.72790 189.8400  2.390
"243" 11735704 117 "UpperLLobregat" "UpperLLobregat" "01.10.1997" 2.137962e-09    3.634   0.1877   7.219  58.87  0.30620 0.028405 2.231826e-02    3.717794   3.6911999  0.28101096   33.16962 171.7800  1.930
"244" 11735735 117 "UpperLLobregat" "UpperLLobregat" "01.11.1997" 8.912509e-09    3.172   0.1031   5.938  63.79  0.26600 0.027594 1.179159e-01    7.787766   1.3547183  0.12043327   25.75060 171.2900  1.650
"245" 11735765 117 "UpperLLobregat" "UpperLLobregat" "01.12.1997" 6.501297e-09    4.732   0.4696   6.587  63.78  0.30530 0.027706 6.744809e-02    5.466521   0.1929691  0.21410359   33.76586 172.7600  1.117
"246" 11735796 117 "UpperLLobregat" "UpperLLobregat" "01.01.1998" 7.244360e-08    4.397   0.1169   7.829  65.21  0.43120 0.102512 9.259401e-02    4.674312   1.6412191  0.12043327   59.83835 179.2500  2.122
"247" 11735827 117 "UpperLLobregat" "UpperLLobregat" "01.02.1998" 4.786301e-09    5.341   1.3550   9.059  72.61  0.55610 0.027399 1.645537e-01    8.293853   1.7343856  0.14719622   56.84118 194.0000  2.107
"248" 11735916 117 "UpperLLobregat" "UpperLLobregat" "01.05.1998" 7.943282e-09    3.046   0.0251   4.545  54.25  0.24880 0.016594 4.031706e-02    2.811652   1.2985619  0.16057769   29.35174 151.9000  0.082
"249" 11736008 117 "UpperLLobregat" "UpperLLobregat" "01.08.1998" 1.659587e-08    6.616   1.4830   8.031  66.30  0.50690 0.036790 3.356134e-01    7.385114   2.4587495  0.42820717   75.05676 165.0000  2.563
"250" 11736039 117 "UpperLLobregat" "UpperLLobregat" "01.09.1998" 6.918310e-09    5.319   0.9388   6.995  61.21  0.38320 0.028933 1.757475e-01    6.244220   2.3037225  0.29439243   44.70239 170.2000  1.331
"251" 11736069 117 "UpperLLobregat" "UpperLLobregat" "01.10.1998" 4.897788e-09    5.212   0.9156   6.250  65.32  0.36500 0.028342 5.193258e-02    7.340349   0.8671342  0.57540339   40.67905 172.9000  1.857
"252" 11736100 117 "UpperLLobregat" "UpperLLobregat" "01.11.1998" 8.912509e-09    5.882   1.0500   6.835  65.10  0.37080 0.035162 2.132246e-01    6.072275   0.9529842  0.06690737   36.85341 174.2000  1.206
"253" 11736130 117 "UpperLLobregat" "UpperLLobregat" "01.12.1998" 1.584893e-08    6.188   1.2560   7.569  65.67  0.40780 0.035963 2.012612e-01    6.895992   3.1684476  0.26762948   69.52511 174.2000  1.726
"254" 11736161 117 "UpperLLobregat" "UpperLLobregat" "01.01.1999" 6.918310e-09    7.505   1.6490  12.790  93.50  0.77320 0.046441 4.301823e-02  122.665976   2.3478766  0.26762948   43.85313 207.2000  1.157
"255"  7835582  78 "UpperLLobregat" "UpperLLobregat" "01.06.1997" 6.309573e-09   23.260   1.9900   8.010  80.35  1.04884 0.023220 8.017757e-02   31.619371   1.6235991  0.06690737   92.78797 161.6967  1.470
"256"  7835612  78 "UpperLLobregat" "UpperLLobregat" "01.07.1997" 7.943282e-09   26.170   1.7920   9.223  75.83  1.00880 0.291140 7.165090e-02   33.059837   1.3438600  0.04014300   67.54595 186.1316  2.057
"257"  7835643  78 "UpperLLobregat" "UpperLLobregat" "01.08.1997" 6.309573e-09   22.220   2.1470   9.627  81.48  0.94530 0.049084 1.498757e-01   29.991948   1.7016740  0.18734064   71.90986 209.2964  1.016
"258"  7835674  78 "UpperLLobregat" "UpperLLobregat" "01.09.1997" 6.309573e-09   30.360   1.0940   9.572  83.12  0.90990 0.169945 2.203501e-02   45.902725   1.9613644  0.05352590   70.16333 201.1176  2.583
"259"  7835704  78 "UpperLLobregat" "UpperLLobregat" "01.10.1997" 1.778279e-09   36.950   0.8293   9.857  71.46  0.80030 0.035056 1.460894e-02   56.864199   1.7611587  0.14719622   71.31060 185.4800  1.967
"260"  7835735  78 "UpperLLobregat" "UpperLLobregat" "01.11.1997" 1.174898e-08   67.340   2.2590   9.684  80.63  1.08600 0.105982 1.787398e-01  108.139744   0.6733286  0.06690737   96.16109 180.4500  1.303
"261"  7835765  78 "UpperLLobregat" "UpperLLobregat" "01.12.1997" 9.840111e-09   61.700   2.0600   9.915  85.94  1.03200 0.043852 8.320580e-02   87.199413   1.4950736  0.09367032   82.01336 193.1900  2.125
"262"  7835796  78 "UpperLLobregat" "UpperLLobregat" "01.01.1998" 3.388442e-08   54.030   1.3170   9.904  89.48  1.10850 0.035769 6.348325e-02   75.487674   1.4451016  0.05352590   88.83856 182.7600  2.141
"263"  7835827  78 "UpperLLobregat" "UpperLLobregat" "01.02.1998" 1.148154e-08   29.920   2.0100   9.580  78.89  1.00600 0.029838 2.025012e-01   32.250033   1.4059273  0.05352590   80.98388 215.3000  1.916
"264"  7835855  78 "UpperLLobregat" "UpperLLobregat" "01.03.1998" 7.244360e-09   30.640   1.2970   9.453  78.46  0.94850 0.029400 5.195124e-02   37.758440   1.2156589  0.08028885   64.74060 182.9000  2.095
"265"  7835916  78 "UpperLLobregat" "UpperLLobregat" "01.05.1998" 5.128614e-09   40.970   1.5950   7.609  68.88  0.84860 0.024846 2.134037e-01   61.625791   0.3497194  0.10705179   69.04254 160.1000  0.260
"266"  7835977  78 "UpperLLobregat" "UpperLLobregat" "01.07.1998" 1.000000e-08   36.800   0.9597   8.484  71.03  0.83940 0.030970 1.729491e-02   52.223561   1.8249036  0.13381474   76.67163 183.9000  1.845
"267"  7836008  78 "UpperLLobregat" "UpperLLobregat" "01.08.1998" 8.709636e-09   47.220   1.4280   9.847  75.72  0.92730 0.038642 4.998763e-01   71.518614   2.6232720  0.14719622  102.79334 178.0000  2.508
"268"  7836039  78 "UpperLLobregat" "UpperLLobregat" "01.09.1998" 7.943282e-09   55.960   2.3550  10.650  76.01  1.13100 0.049326 9.194652e-02   61.350851   1.6188177  0.10705179   88.59465 180.2000  1.461
"269"  7836069  78 "UpperLLobregat" "UpperLLobregat" "01.10.1998" 7.585776e-09   27.020   1.8610   8.853  74.40  0.92020 0.036466 1.743324e-02   35.443387   0.9289243  0.36129980   71.09837 180.3000  1.344
"270"  7836100  78 "UpperLLobregat" "UpperLLobregat" "01.11.1998" 8.709636e-09    7.006   0.9998   9.143  70.10  0.77640 0.027584 1.035703e-01    8.975488   1.5016078  0.78950698   48.02884 186.0000  3.859
"271"  7836161  78 "UpperLLobregat" "UpperLLobregat" "01.01.1999" 5.623413e-09   20.540   1.4480  13.060  95.64  1.14100 0.037098 4.793272e-02   24.793091   2.2974781  0.13381474  109.85530 209.7000  1.662
"272"  7836251  78 "UpperLLobregat" "UpperLLobregat" "01.04.1999" 1.823896e-08   25.730   1.1730   9.287  82.75  0.88710 0.027454 6.914901e-02   38.622611   1.3103368  0.13381474   71.28743 180.9000  0.653
"273"  7836373  78 "UpperLLobregat" "UpperLLobregat" "01.08.1999" 1.428894e-08   12.310   0.4581   8.838  71.47  0.81570 0.025295 1.033892e-01   16.544640   2.4495971  0.13381474   71.88354 182.2000  0.199
"274" 11835582 118 "UpperLLobregat" "UpperLLobregat" "01.06.1997" 5.011872e-09   18.080   1.6700  10.250  98.33  1.03757 0.024110 6.935323e-02   27.286563   1.6684640  0.16057769   93.35251 197.9680  3.491
"275" 11835612 118 "UpperLLobregat" "UpperLLobregat" "01.07.1997" 6.309573e-09   17.780   1.6440  10.260  91.67  1.19634 0.035760 1.180815e-01   13.745554   2.4997944  0.20071500   86.66411 229.0577  2.479
"276" 11835643 118 "UpperLLobregat" "UpperLLobregat" "01.08.1997" 5.011872e-09   15.360   1.7650  10.010  88.68  0.97170 0.054980 3.124563e-02   21.309598   5.1916836  0.34791833   92.75956 222.7584  3.636
"277" 11835674 118 "UpperLLobregat" "UpperLLobregat" "01.09.1997" 6.309573e-09   19.620   1.2980  10.080  91.99  1.04400 0.096998 8.301354e-02   27.306659   2.4444284  0.16057769   95.00911 202.0320  2.401
"278" 11835735 118 "UpperLLobregat" "UpperLLobregat" "01.11.1997" 1.202264e-08   28.740   1.4890   9.957  84.34  1.08700 0.042235 1.179159e-01   50.412037   0.4975867  0.14719622   99.67619 174.7300  1.080
"279" 11835765 118 "UpperLLobregat" "UpperLLobregat" "01.12.1997" 1.267652e-08   20.890   1.0390  10.300  87.09  1.12500 0.045584 8.851548e-02   25.996571   1.1636624  0.13381474   96.81241 176.9600  2.277
"280" 11835796 118 "UpperLLobregat" "UpperLLobregat" "01.01.1998" 6.918310e-08   25.330   1.3190   9.387  85.61  0.95800 0.074058 2.833105e-02   40.718520   3.0687625  0.13381474  107.26914 192.4200  2.869
"281" 11835827 118 "UpperLLobregat" "UpperLLobregat" "01.02.1998" 9.120108e-09   20.370   2.1550   9.790  88.62  1.08400 0.036565 1.207609e-01   25.571997   2.5063881  0.16057769   86.43816 195.8000  1.846
"282" 11835855 118 "UpperLLobregat" "UpperLLobregat" "01.03.1998" 6.606934e-09   20.850   2.1070   9.775  87.14  1.03600 0.038500 3.302179e-02   29.151544   1.9050733  0.28101096   76.86948 188.6000  2.659
"283" 11835886 118 "UpperLLobregat" "UpperLLobregat" "01.04.1998" 1.348963e-08   33.860   3.5610   9.454  84.46  1.04000 0.040100 4.618591e-01   35.413225   1.7610443  0.29439243   96.15934 184.9000  2.001
"284" 11835916 118 "UpperLLobregat" "UpperLLobregat" "01.05.1998" 6.918310e-09   22.440   1.6280   8.604  80.44  0.96080 0.032932 1.870177e-01   37.141836   1.1559459  0.18734064   94.72166 179.6000  0.713
"285" 11835947 118 "UpperLLobregat" "UpperLLobregat" "01.06.1998" 7.762471e-09   13.270   1.4880   9.113  85.94  1.03500 0.034283 6.327710e-02   13.248670   2.2361138  0.13381474  111.83420 189.2000  3.121
"286" 11836008 118 "UpperLLobregat" "UpperLLobregat" "01.08.1998" 1.023293e-08   23.370   1.6250  90.186  80.78  0.97960 0.036422 4.830148e-02   33.762692   1.1061029  0.10705179  106.57653 184.3000  2.451
"287" 11836039 118 "UpperLLobregat" "UpperLLobregat" "01.09.1998" 1.230269e-08   22.290   2.2300   9.899  85.19  1.12200 0.039997 3.004606e-02   24.611894   0.4828501  0.20072211  100.51275 186.2000  2.592
"288" 11836069 118 "UpperLLobregat" "UpperLLobregat" "01.10.1998" 7.413102e-09   20.050   2.0610   9.416  86.90  1.11800 0.041241 4.692431e-02   25.236913   1.0753795  0.41482570  110.09775 184.9000  1.685
"289" 11836100 118 "UpperLLobregat" "UpperLLobregat" "01.11.1998" 8.709636e-09   16.800   1.5710   9.931  85.15  1.21100 0.047248 4.858462e-02   21.035609   0.7141718  0.21410359  108.76369 165.9000  1.693
"290" 11836130 118 "UpperLLobregat" "UpperLLobregat" "01.12.1998" 1.819701e-08   17.570   1.5800  10.120  86.78  1.21800 0.058791 2.407036e-01   26.312517   1.8884075  0.13381474  149.17682 175.1000  2.411
"291" 11836251 118 "UpperLLobregat" "UpperLLobregat" "01.04.1999" 6.839116e-09   21.000   1.5310  11.030  90.16  1.15400 0.047216 1.199042e-02   30.327934   1.1930338  0.13381474  117.26879 175.6000  1.172
"292"  8035582  80 "UpperLLobregat" "UpperLLobregat" "01.06.1997" 7.943282e-09   16.720   2.1700  10.100  89.88  1.03990 0.032690 1.797862e-01   20.134165   1.4567211  0.33453685   96.85544 196.9520  2.726
"293"  8035612  80 "UpperLLobregat" "UpperLLobregat" "01.07.1997" 7.943282e-09   17.150   1.7920  10.770  88.96  1.17114 0.036820 1.863875e-01   15.467128   1.5960770  0.14719100   90.69184 220.3708  2.851
"294"  8035643  80 "UpperLLobregat" "UpperLLobregat" "01.08.1997" 6.309573e-09   16.280   1.0350  10.820  92.51  1.04200 0.066950 1.581458e-01   23.489515   2.5712356  0.37468128   93.86425 226.2636  1.598
"295"  8035674  80 "UpperLLobregat" "UpperLLobregat" "01.09.1997" 7.943282e-09   17.200   1.5990  10.420  90.70  1.03200 0.075061 1.064850e-01   24.028842   2.5905259  0.17395916  106.56727 204.7244  3.802
"296"  8035704  80 "UpperLLobregat" "UpperLLobregat" "01.10.1997" 6.309573e-09   19.980   1.2250   9.860  83.21  0.95450 0.047121 2.641360e-02   26.194495   2.2565009  0.33453685   89.43836 186.7500  2.314
"297"  8035735  80 "UpperLLobregat" "UpperLLobregat" "01.11.1997" 1.548817e-08   29.880   2.0200  10.660  87.13  1.11100 0.050200 2.232665e-01   49.098289   0.9657586  0.30777391  100.71138 180.3700  2.017
"298"  8035765  80 "UpperLLobregat" "UpperLLobregat" "01.12.1997" 6.426877e-09   27.230   1.6750  11.150  89.60  1.14500 0.048129 1.651116e-01   35.467889   2.4499148  0.29439243   94.76466 184.4300  2.550
"299"  8035796  80 "UpperLLobregat" "UpperLLobregat" "01.01.1998" 1.023293e-07   23.620   1.6300  11.240  86.74  0.92340 0.086206 1.783040e-01   34.925858   7.5387632  0.24086654  100.18661 204.3200  3.192
"300"  8035827  80 "UpperLLobregat" "UpperLLobregat" "01.02.1998" 1.584893e-08   21.970   1.6520  11.030  84.01  0.94840 0.052019 2.185611e-01   22.857802   5.5343920  0.21410359   84.46390 244.8000  2.265
"301"  8035855  80 "UpperLLobregat" "UpperLLobregat" "01.03.1998" 7.413102e-09   22.160   1.5040  11.320  86.84  1.02900 0.061900 4.801249e-02   29.566509   3.5896952  0.20072211   73.22640 196.7000  2.859
"302"  8035886  80 "UpperLLobregat" "UpperLLobregat" "01.04.1998" 1.318257e-08   25.430   2.1840  10.630  83.93  1.05800 0.040300 6.797550e-02   28.928744   1.3929024  0.21410359   92.95149 186.9000  2.980
"303"  8035916  80 "UpperLLobregat" "UpperLLobregat" "01.05.1998" 1.148154e-08   23.960   2.0510   9.479  79.02  0.94800 0.035664 2.184670e-01   33.786212   3.1723209  0.30777391   93.55128 122.4000  1.079
"304"  8035947  80 "UpperLLobregat" "UpperLLobregat" "01.06.1998" 7.079458e-09   13.230   1.5710   9.120  81.41  0.95720 0.036758 7.502344e-02   15.872192   1.6553715  0.17395916  109.45680 185.4000  2.413
"305"  8035977  80 "UpperLLobregat" "UpperLLobregat" "01.07.1998" 8.317638e-09   17.870   1.1690   9.236  80.52  0.99050 0.041148 9.013974e-02   23.175646   1.8887188  0.29439243  100.27654 187.3000  2.599
"306"  8036008  80 "UpperLLobregat" "UpperLLobregat" "01.08.1998" 2.238721e-08   19.390   2.3350   8.690  76.15  0.92080 0.033498 4.470659e-01   23.958928   3.0864457  0.57540339   98.58437 178.0000  2.922
"307"  8036039  80 "UpperLLobregat" "UpperLLobregat" "01.09.1998" 1.380384e-08   21.670   1.9000  10.510  86.58  1.18200 0.038931 1.979539e-02   24.367640   1.5520740  0.29439243  108.14103 188.9000  2.068
"308"  8036069  80 "UpperLLobregat" "UpperLLobregat" "01.10.1998" 9.772372e-09   20.000   2.0870   9.711  85.76  1.09000 0.042943 4.692431e-02   27.236763   1.9812141  0.46835160  116.50773 181.8000  2.543
"309"  8036100  80 "UpperLLobregat" "UpperLLobregat" "01.11.1998" 9.120108e-09   21.850   2.0100  10.330  87.91  1.20300 0.046288 9.136042e-02   33.288701   2.5855258  0.68245518  116.76280 180.1000  1.723
"310"  8036130  80 "UpperLLobregat" "UpperLLobregat" "01.12.1998" 1.949845e-08   22.330   2.4530  10.920  90.62  1.28200 0.054292 1.749303e-01   32.666672   2.5271481  0.13381474  157.83767 179.7000  2.090
"311"  8036161  80 "UpperLLobregat" "UpperLLobregat" "01.01.1999" 7.585776e-09   19.690   2.3240  13.320  95.45  1.17600 0.049813 1.015547e-01   26.724681   5.6191303  0.26762948  160.84000 200.2000  1.804
"312"  8036251  80 "UpperLLobregat" "UpperLLobregat" "01.04.1999" 1.592209e-08   24.860   2.6980  11.550  90.69  1.15100 0.045140 8.599946e-02   24.395485   1.5107735  0.40144423   83.95923 164.9000  1.843
"313"  3135582  31 "LowerLLobregat" "LowerLLobregat" "01.06.1997" 7.943282e-09  110.700  26.4800  27.460 105.10  1.74964 0.051170 3.896709e-01  224.591948   4.4195137  0.49511454  149.60889 216.6116  2.938
"314"  3135612  31 "LowerLLobregat" "LowerLLobregat" "01.07.1997" 1.000000e-07   81.490  19.7900  22.930 105.40  1.56741 0.052070 1.233996e-01  243.952307   3.7106204  0.48171600  108.41291 246.6853  2.382
"315"  3135643  31 "LowerLLobregat" "LowerLLobregat" "01.08.1997" 7.943282e-09  138.300  34.4900  26.770  96.35  1.39700 0.068874 2.259329e-01  291.041333   4.1946538  0.46835160  125.15378 217.5260  5.134
"316"  3135674  31 "LowerLLobregat" "LowerLLobregat" "01.09.1997" 6.309573e-09   67.640  17.7000  18.000  96.21  1.25200 0.052353 3.893838e-02  123.596089   2.4073853  0.21410359  115.12464 218.8468  1.730
"317"  3135765  31 "LowerLLobregat" "LowerLLobregat" "01.12.1997" 6.237348e-09  104.400  19.4100  23.010  99.92  1.47500 0.060472 3.737386e-01  188.263091   2.2527084  0.42820717  141.57003 210.9000  2.249
"318"  3135796  31 "LowerLLobregat" "LowerLLobregat" "01.01.1998" 1.258925e-08   98.950  18.6000  25.770 105.80  1.51900 0.099751 2.813561e-01  158.103071   8.9211916  0.26762948  132.69043 226.1000  3.919
"319"  3135827  31 "LowerLLobregat" "LowerLLobregat" "01.02.1998" 7.244360e-09   95.780  18.9400  23.510 101.90  1.56100 0.048035 6.297613e-01  118.708488   8.9410481  0.32115538  111.27912 225.2000  2.790
"320"  3135855  31 "LowerLLobregat" "LowerLLobregat" "01.03.1998" 7.943282e-09   96.150  18.3200  22.410  96.88  1.46100 0.046500 1.821822e-01  142.803314   4.3508817  0.25424801  120.33751 210.3000  2.812
"321"  3135886  31 "LowerLLobregat" "LowerLLobregat" "01.04.1998" 6.309573e-09  105.900  21.8800  23.970  99.54  1.56400 0.050600 1.909214e-01  200.567052   2.0521040  0.24086654  153.25717 211.0000  3.407
"322"  3135947  31 "LowerLLobregat" "LowerLLobregat" "01.06.1998" 9.332543e-09   77.650  16.9500  18.480  91.35  1.26300 0.047163 2.163962e-01  137.144769   5.8833354  0.56202192  140.90074 210.5000  3.040
"323"  3135977  31 "LowerLLobregat" "LowerLLobregat" "01.07.1998" 1.071519e-08  131.900  30.3700  21.320  89.15  1.24800 0.041685 1.656233e-01  244.531854   3.0302748  0.82965140  134.76783 198.0000  2.744
"324"  3136008  31 "LowerLLobregat" "LowerLLobregat" "01.08.1998" 9.332543e-09  133.900  32.5100  22.360  90.23  1.30100 0.045605 1.128255e-01  267.629363   3.0190638  0.46835160   69.43605 191.1000  2.962
"325"  3136039  31 "LowerLLobregat" "LowerLLobregat" "01.09.1998" 1.253141e-08  107.300  21.6200  17.940  83.55  1.16100 0.047105 1.757475e-01  214.217699   8.1687023  0.33453685  141.69214 188.5000  2.292
"326"  3136069  31 "LowerLLobregat" "LowerLLobregat" "01.10.1998" 7.943282e-09  103.600  21.0000  18.710  94.51  1.34800 0.071773 9.805311e-02  189.235569   0.7166752  0.50849602  131.01266 198.9000  2.632
"327"  3136100  31 "LowerLLobregat" "LowerLLobregat" "01.11.1998" 8.912509e-09  110.500  24.0000  20.060  97.39  1.42200 0.052472 7.943350e-02  167.864321   2.5067044 32.32964162  101.36876 194.7000  2.083
"328"  3136130  31 "LowerLLobregat" "LowerLLobregat" "01.12.1998" 1.584893e-08   98.890  20.0100  19.410  96.18  1.48900 0.046386 1.315877e-01  171.990878   3.1584081  0.41482570  163.34115 183.2000  2.982
"329"  3136161  31 "LowerLLobregat" "LowerLLobregat" "01.01.1999" 2.630268e-08  142.700  38.2900  27.570 103.50  1.47600 0.049814 1.458945e+00  263.529231  13.7870547  0.26762948  168.09103 215.3000  3.146
"330"  3136251  31 "LowerLLobregat" "LowerLLobregat" "01.04.1999" 1.892344e-08  167.100  34.9400  30.990 110.90  1.74900 0.046962 2.367998e-01  274.028791   5.9805421  0.53525897  166.11990 213.3000  3.184
"331"  3136373  31 "LowerLLobregat" "LowerLLobregat" "01.08.1999" 1.901078e-08  135.100  43.3800  24.620  88.49  1.38200 0.114272 2.683705e-01  305.280166   5.6485197  0.40144423  136.29395 190.2000  1.598
"332"  2335582  23 "LowerLLobregat" "LowerLLobregat" "01.06.1997" 1.584893e-08  177.880  40.7000  37.200 104.20  1.87078 0.045940 1.356220e+00  305.744872   6.5032744  0.90994024  199.96603 222.4536  3.740
"333"  2335612  23 "LowerLLobregat" "LowerLLobregat" "01.07.1997" 1.258925e-08  278.200  30.9900  28.260  95.61  1.86183 0.056020 1.179840e+00  489.010553  15.2555912  0.46833500  130.77029 250.3937  3.881
"334"  2335643  23 "LowerLLobregat" "LowerLLobregat" "01.08.1997" 7.943282e-09  168.500  37.8200  32.510 104.00  1.66900 0.082397 6.137406e-01  320.694762  10.4341815  0.69583666  139.79819 242.7737  5.171
"335"  2335674  23 "LowerLLobregat" "LowerLLobregat" "01.09.1997" 6.309573e-09  116.100  28.5000  24.740  92.78  1.39300 0.068825 2.935684e-01  220.530799   9.4649442  0.57540339  125.58038 219.3040  2.614
"336"  2335735  23 "LowerLLobregat" "LowerLLobregat" "01.11.1997" 3.890451e-08  170.600  34.3400  32.050 101.50  1.72800 0.057680 1.323281e+00  309.674357   5.0577741  0.96346614  164.39604 206.3200  3.223
"337"  2335765  23 "LowerLLobregat" "LowerLLobregat" "01.12.1997" 9.682779e-09  160.000  36.0000  39.950  84.35  0.77380 0.121217 1.593312e+00  298.061626   6.6469698  0.76274403  167.46192 217.4900  2.792
"338"  2335796  23 "LowerLLobregat" "LowerLLobregat" "01.01.1998" 9.332543e-09  171.300  35.7200  33.190 102.50  1.65600 0.064379 8.385882e-01  310.854475   9.4539890  0.58878486  179.82096 234.1600  5.162
"339"  2335827  23 "LowerLLobregat" "LowerLLobregat" "01.02.1998" 2.454709e-08  248.600  56.2700  36.570 102.90  1.73500 0.053561 1.196066e+00  394.574788  11.0522148  0.56202192  132.92334 232.8000  2.947
"340"  2335855  23 "LowerLLobregat" "LowerLLobregat" "01.03.1998" 1.047129e-08  161.200  28.7100  30.770 100.90  1.70800 0.053900 3.564402e-01  288.477759   7.2139977  0.80288845  148.63040 229.2000  4.327
"341"  2335886  23 "LowerLLobregat" "LowerLLobregat" "01.04.1998" 2.630268e-08  155.500  32.1600  29.500  98.80  1.70400 0.052300 1.682215e+00  300.469492   5.1359807  0.74936255  123.84577 212.9000  4.692
"342"  2335916  23 "LowerLLobregat" "LowerLLobregat" "01.05.1998" 1.862087e-08  152.000  33.1800  27.540  93.05  1.50600 0.044956 1.419265e+00  301.967554   5.1883829  0.78950698  141.15134 198.3000  3.539
"343"  2335947  23 "LowerLLobregat" "LowerLLobregat" "01.06.1998" 1.230269e-08  125.600  27.1800  23.620  91.31  1.37200 0.048325 4.466760e-01  241.786163   4.5377981  0.48173307  145.01205 208.3000  3.404
"344"  2335977  23 "LowerLLobregat" "LowerLLobregat" "01.07.1998" 2.290868e-08  177.900  40.3500  30.150  93.82  1.64300 0.044929 1.500000e+00  325.763748   5.5561248  0.81626992  151.62981 201.9000  2.766
"345"  2336008  23 "LowerLLobregat" "LowerLLobregat" "01.08.1998" 1.778279e-08  140.300  32.6200  25.640  88.81  1.44000 0.044153 6.102482e-01  280.961898   5.3217510  0.97684762  133.88636 202.3000  2.717
"346"  2336039  23 "LowerLLobregat" "LowerLLobregat" "01.09.1998" 1.905461e-08  135.900  28.4500  22.530  86.41  1.34500 0.043715 9.103243e-01  256.182093   8.5933883  0.60216634  145.32907 189.2000  3.163
"347"  2336069  23 "LowerLLobregat" "LowerLLobregat" "01.10.1998" 2.754229e-08  137.200  32.2200  25.180  96.29  1.57100 0.052731 1.551632e+00  255.432160   6.7329634  0.85641435  139.16036 197.0000  4.377
"348"  2336130  23 "LowerLLobregat" "LowerLLobregat" "01.12.1998" 2.951209e-08  135.800  29.1000  24.600  98.36  1.63100 0.049010 1.329995e+00  232.407522   5.0970960  0.93670319  169.58314 195.2000  2.884
"349"  2336161  23 "LowerLLobregat" "LowerLLobregat" "01.01.1999" 2.137962e-08  113.400  23.6300  26.590  91.82  1.47600 0.029505 1.153484e+00  242.424299  16.1903739  1.07051793  196.07962 187.1000  4.082
"350"  2336251  23 "LowerLLobregat" "LowerLLobregat" "01.04.1999" 1.458814e-08  161.600  40.7400  33.930 106.30  1.75100 0.046836 1.940648e+00  298.114063  11.9852218  0.93670319  169.25538 183.1000  3.093
"351"  2336373  23 "LowerLLobregat" "LowerLLobregat" "01.08.1999" 2.223310e-08  103.900  27.2100  23.450  96.88  1.61900 0.053500 7.038245e-01  163.597867   7.1559607  0.66907371  102.88200 188.9000  1.526
"352"  8435582  84 "LowerLLobregat" "LowerLLobregat" "01.06.1997" 6.309573e-09  223.300  45.8700  41.630 121.20  2.26249 0.069550 4.927578e-01  399.006076   5.1336036  0.45497012  171.60195 238.9129  4.770
"353"  8435612  84 "LowerLLobregat" "LowerLLobregat" "01.07.1997" 3.981072e-08  177.700  29.9200  29.060 104.70  1.84429 0.053200 4.714612e-01  317.716919   6.7016142  0.60214500  128.01051 271.0693  2.421
"354"  8435643  84 "LowerLLobregat" "LowerLLobregat" "01.08.1997" 7.943282e-09  152.600  36.6900  32.140 103.50  1.60000 0.071522 4.466422e-01  295.305225   7.9522933  0.58878486  132.04455 240.4877  3.220
"355"  8435674  84 "LowerLLobregat" "LowerLLobregat" "01.09.1997" 6.309573e-09  132.100  27.6400  26.360 103.30  1.48900 0.059191 3.132432e-01  267.467177   5.5623441  0.61554781  130.81595 235.1029  3.064
"356"  8435704  84 "LowerLLobregat" "LowerLLobregat" "01.10.1997" 1.659587e-08  178.800  41.8200  31.710  94.33  1.40800 0.259352 3.706369e-01  352.501923   7.7479588  0.84303287  158.76604 227.3300  3.427
"357"  8435735  84 "LowerLLobregat" "LowerLLobregat" "01.11.1997" 3.235937e-08  199.200  38.9200  34.880 106.60  1.74400 0.065977 1.471720e+00  362.403686   2.5249130  0.93670319  136.85172 230.3300  3.434
"358"  8435765  84 "LowerLLobregat" "LowerLLobregat" "01.12.1997" 7.194490e-09  204.200  42.4500  37.810 108.10  1.79200 0.055183 2.866564e+00  373.261562  14.5678438  1.04375499  166.62383 249.7000  5.518
"359"  8435796  84 "LowerLLobregat" "LowerLLobregat" "01.01.1998" 5.370318e-08  144.200  23.3700  27.860  90.54  1.40500 0.054778 1.203342e+00  290.680044  12.3252388  0.44158865  163.11484 239.2000  4.261
"360"  8435827  84 "LowerLLobregat" "LowerLLobregat" "01.02.1998" 2.344229e-08  147.700  25.1600  28.590  95.87  1.53500 0.054144 5.404280e-01  215.675533   9.4558602  0.57540339  126.91723 290.2000  4.455
"361"  8435855  84 "LowerLLobregat" "LowerLLobregat" "01.03.1998" 1.258925e-08  155.600  26.3700  29.820 101.00  1.62400 0.063600 7.774716e-01  250.773137   8.4219452  0.74936255  162.70155 242.6000  4.658
"362"  8435886  84 "LowerLLobregat" "LowerLLobregat" "01.04.1998" 2.570396e-08  147.100  30.8200  28.370  93.97  1.55300 0.049600 1.814700e+00  274.100400   6.4370124  0.60216634  161.93893 229.1000  4.586
"363"  8435947  84 "LowerLLobregat" "LowerLLobregat" "01.06.1998" 2.041738e-08  141.500  27.5800  25.610  91.69  1.33700 0.063536 1.139475e+00  261.185178   7.2402690  1.07051793  148.54732 235.8000  4.183
"364"  8435977  84 "LowerLLobregat" "LowerLLobregat" "01.07.1998" 1.548817e-08  152.500  31.2800  25.780  90.21  1.40700 0.049910 7.582784e-01  268.869437   4.8454933  0.78950698  150.99934 225.0000  4.667
"365"  8436008  84 "LowerLLobregat" "LowerLLobregat" "01.08.1998" 6.025596e-09  148.400  32.5600  26.250  88.35  1.40300 0.048917 1.864227e-01  295.666054   1.5213053  0.85641435  144.20272 207.6000  4.022
"366"  8436039  84 "LowerLLobregat" "LowerLLobregat" "01.09.1998" 2.630268e-08  154.700  31.8900  24.030  86.00  1.43600 0.045570 1.048278e+00  227.936874  15.8907483  0.95008467  141.65714 203.2000  3.145
"367"  8436069  84 "LowerLLobregat" "LowerLLobregat" "01.10.1998" 2.290868e-08  156.500  28.7600  24.740  97.86  1.52100 0.049293 1.235934e+00  268.195188   6.4706406  1.11066236  145.52580 227.7000  4.127
"368"  8436100  84 "LowerLLobregat" "LowerLLobregat" "01.11.1998" 3.090295e-08  159.500  33.2800  26.700 100.60  1.56900 0.045075 1.611149e+00  326.440127  12.7172856  0.88317730  176.50579 227.1000  1.830
"369"  8436130  84 "LowerLLobregat" "LowerLLobregat" "01.12.1998" 5.754399e-08  205.300  37.7300  29.800 104.90  1.71700 0.046015 2.829993e+00  404.175531   8.5913247  0.81626992  270.61773 225.2000  5.363
"370"  8436161  84 "LowerLLobregat" "LowerLLobregat" "01.01.1999" 2.754229e-08  122.900  24.0900  27.270 101.10  1.46900 0.054023 1.273774e+00  210.885905  14.7457457  0.66907371  174.33429 221.7000  3.272
"371"  8436373  84 "LowerLLobregat" "LowerLLobregat" "01.08.1999" 3.118890e-08  176.500  50.3300  30.290  93.96  1.68900 0.060508 5.770744e-01  397.080729   9.4939412  0.53525897  157.18680 185.9000  2.324
"372"   535582   5 "LowerLLobregat" "LowerLLobregat" "01.06.1997" 3.162278e-09  224.500  41.0500  46.000 134.10  2.45985 0.065870 4.707121e-02  390.739499   4.8976199  0.48173307  230.41815 253.5941  5.927
"373"   535612   5 "LowerLLobregat" "LowerLLobregat" "01.07.1997" 1.584893e-08  180.300  29.0500  32.750 110.10  2.10660 0.061020 4.277523e-01  468.855059   3.7279416  0.77609800  152.36119 279.8070  3.234
"374"   535643   5 "LowerLLobregat" "LowerLLobregat" "01.08.1997" 1.000000e-08  307.200  89.4800  49.070 111.50  1.72600 0.080866 4.417787e-01  967.237914   5.7735340  0.70921813  191.96151 251.5621  3.863
"375"   535674   5 "LowerLLobregat" "LowerLLobregat" "01.09.1997" 6.309573e-09  164.700  34.0700  30.560 107.50  1.57700 0.069243 2.569500e-01  299.502128   9.6693105  0.66907371  163.08178 251.0033  2.187
"376"   535735   5 "LowerLLobregat" "LowerLLobregat" "01.11.1997" 2.238721e-08  213.300  40.9000  37.020 112.20  1.78900 0.091104 8.587697e-01  415.955817   7.6864107  1.00361056  200.79372 247.1600  4.250
"377"   535765   5 "LowerLLobregat" "LowerLLobregat" "01.12.1997" 4.720630e-09  227.000  39.7000  43.340 131.70  2.11200 0.064728 1.897299e+00  381.705203   3.6404537  0.92332172  232.51204 276.4700  6.081
"378"   536039   5 "LowerLLobregat" "LowerLLobregat" "01.09.1998" 1.949845e-08  148.000  30.6200  26.870  97.80  1.50600 0.062066 5.398846e-01  263.541307   2.1253205  1.00361056  145.64151 219.4000  4.411
"379"   536069   5 "LowerLLobregat" "LowerLLobregat" "01.10.1998" 2.041738e-08  177.500  31.3200  26.120 100.70  1.53100 0.054816 7.879735e-01  295.789449   3.2245305  1.16418825  149.86816 229.6000  4.538
"380"   536100   5 "LowerLLobregat" "LowerLLobregat" "01.11.1998" 2.041738e-08  183.500  35.1400  28.560 103.90  1.60900 0.050637 9.856632e-01  350.083588  12.9698224  1.01699204  173.76090 241.9000  4.560
"381"   536130   5 "LowerLLobregat" "LowerLLobregat" "01.12.1998" 1.202264e-08  180.300  32.7200  29.420 106.50  1.72000 0.046684 1.787313e+00  359.657629  11.4975007  1.60577690  215.84798 228.4000  5.666
"382"   536161   5 "LowerLLobregat" "LowerLLobregat" "01.01.1999" 3.090295e-08  160.000  26.1900  33.580 117.00  1.70800 0.052924 1.511104e+00  247.153677  17.2617095  0.80288845  227.02515 249.0000  5.102
"383"   536373   5 "LowerLLobregat" "LowerLLobregat" "01.08.1999" 1.990673e-08  128.400  33.4900  25.550  93.38  1.52800 0.056624 7.474553e-02  223.448509   6.9999897  0.53525897  117.88760 207.5000  3.465
"384"  4935582  49 "LowerLLobregat" "LowerLLobregat" "01.06.1997" 6.309573e-09  227.000  30.0300  32.240  83.90  1.53773 0.040710 1.460560e-01  382.445750   2.9688551  0.05352590  222.30705 219.9644  7.404
"385"  4935612  49 "LowerLLobregat" "LowerLLobregat" "01.07.1997" 3.162278e-08  200.400  33.6800  34.270 116.30  2.16773 0.054770 2.990333e-01  392.464759   3.2224644  0.72257400  155.02892 277.0129  3.431
"386"  4935643  49 "LowerLLobregat" "LowerLLobregat" "01.08.1997" 7.943282e-09  146.500  29.6100  35.420 115.00  1.69500 0.086576 5.790636e-01  272.689317   5.1894910  0.65569223  177.56255 259.4361  4.411
"387"  4935674  49 "LowerLLobregat" "LowerLLobregat" "01.09.1997" 6.309573e-09  198.700  38.3400  32.960 109.20  1.61000 0.081045 3.305765e-01  398.435818   3.7622409  0.56202192  140.43104 265.3797  3.190
"388"  4935704  49 "LowerLLobregat" "LowerLLobregat" "01.10.1997" 5.248075e-09  227.200  52.0500  39.370 117.90  1.73600 0.302658 4.453549e-02  410.961787   8.9331759  0.54864044  187.01430 248.9100  3.869
"389"  4935735  49 "LowerLLobregat" "LowerLLobregat" "01.11.1997" 1.202264e-08  235.400  48.7800  40.190 121.30  1.90500 0.085655 7.018947e-01  410.241950   8.1027127  0.84303287  226.78668 257.9600  4.298
"390"  4935765  49 "LowerLLobregat" "LowerLLobregat" "01.12.1997" 7.943282e-09  228.500  38.5300  40.230 120.70  1.94700 0.067532 1.593312e+00  395.408516   8.9259806  0.60216634  228.92645 280.9600  6.342
"391"  4935796  49 "LowerLLobregat" "LowerLLobregat" "01.01.1998" 4.365158e-09  173.600  28.4000  33.440 109.30  1.65000 0.072650 1.722538e+00  298.563331   9.4062561  0.70921813  189.45774 262.1000  5.776
"392"  4935827  49 "LowerLLobregat" "LowerLLobregat" "01.02.1998" 8.709636e-09  187.700  27.5200  36.700 120.30  1.98200 0.072800 4.877796e-01  228.297393  10.4143954  0.65569223  181.83019 368.4000  4.802
"393"  4935855  49 "LowerLLobregat" "LowerLLobregat" "01.03.1998" 1.000000e-08  184.400  29.8900  34.920 112.30  1.81300 0.061400 6.140199e-01  237.471303   8.2964717  0.54864044  151.31465 261.7000  5.022
"394"  4935886  49 "LowerLLobregat" "LowerLLobregat" "01.04.1998" 1.258925e-08  161.900  26.9100  30.660 103.40  1.71200 0.053500 7.197425e-01  283.098401   6.8738296  0.44158865  195.75163 246.2000  4.528
"395"  4935947  49 "LowerLLobregat" "LowerLLobregat" "01.06.1998" 1.905461e-08  172.800  29.2600  28.110  95.26  1.35600 0.068467 1.417695e+00  290.862042  17.2310676  0.89655877  175.76913 253.1000  7.159
"396"  4935977  49 "LowerLLobregat" "LowerLLobregat" "01.07.1998" 2.511886e-08  198.600  35.1300  29.970  82.80  1.39900 0.064854 2.104612e-01  331.453109   2.2564438  0.36129980  181.74578 204.6000  5.713
"397"  4936008  49 "LowerLLobregat" "LowerLLobregat" "01.08.1998" 2.691535e-08  204.700  38.5100  29.600  74.41  1.35400 0.057857 1.224070e-01  376.623359   6.2629842  0.73598108  168.48756 166.0000  5.108
"398"  4936039  49 "LowerLLobregat" "LowerLLobregat" "01.09.1998" 1.905461e-08  172.900  29.8400  27.530  94.20  1.39800 0.065821 6.926163e-01  289.308550   5.8112729  0.53525897  202.85001 236.4000  4.356
"399"  4936069  49 "LowerLLobregat" "LowerLLobregat" "01.10.1998" 1.659587e-08  194.900  36.9600  28.780 101.40  1.51100 0.054322 6.896048e-01  340.986300   3.1764659  0.99022909  170.47800 241.9000  4.742
"400"  4936100  49 "LowerLLobregat" "LowerLLobregat" "01.11.1998" 1.621810e-08  205.600  36.8300  31.110 112.30  1.63500 0.052007 1.073185e+00  279.182550   6.5285401  0.62892929  128.41683 263.1000  4.676
"401"  4936130  49 "LowerLLobregat" "LowerLLobregat" "01.12.1998" 3.162278e-08  199.000  34.6600  30.540 108.40  1.68500 0.056199 1.864103e+00  385.025216   9.3803098  1.13742531  263.02302 241.5000  5.235
"402"  4936161  49 "LowerLLobregat" "LowerLLobregat" "01.01.1999" 4.897788e-08  156.600  24.6500  29.700 107.30  1.44600 0.045491 3.596180e+00  209.729533   3.9281621  1.07051793  177.88536 256.5000  6.759
"403"  4936251  49 "LowerLLobregat" "LowerLLobregat" "01.04.1999" 6.807694e-09  213.800  39.0800  37.190 117.10  1.70900 0.047669 1.028974e+00  285.835770   5.4619390  0.66907371  163.51872 250.4000  5.877
"404"  4936373  49 "LowerLLobregat" "LowerLLobregat" "01.08.1999" 1.870682e-08  129.500  33.5400  25.740  93.07  1.50900 0.051874 2.323600e-01  217.818538   4.9935240  0.40144423  112.51242 213.3000  2.837
"405"   635582   6 "ULt" "UpperLLobregat" "01.06.1997" 7.943282e-09   16.850   2.5800  19.080  73.39  1.08064 0.057380 1.797862e-01   24.310213   2.5446232  0.28101096  115.34098 188.4176  2.919
"406"   635765   6 "ULt" "UpperLLobregat" "01.12.1997" 5.432503e-09   10.860   1.9910  20.910  76.43  1.01900 0.100927 2.689016e-02   34.528525   0.9509295  0.12043327   91.63313 224.1900  1.833
"407"   635855   6 "ULt" "UpperLLobregat" "01.03.1998" 5.248075e-09   12.260   1.8580  20.000  77.45  0.92540 0.105200 3.302179e-02   14.016569   5.9807296  0.04014442   55.52303 245.9000  2.512
"408"   635916   6 "ULt" "UpperLLobregat" "01.05.1998" 6.760830e-09    9.632   2.1170  17.490  59.95  0.86190 0.078674 1.644219e-01    9.738424   1.5593280  0.02676295   63.33468 196.9000  2.058
"409"   635947   6 "ULt" "UpperLLobregat" "01.06.1998" 6.606934e-09   12.260   2.1030  18.270  53.09  0.73910 0.074719 5.738295e-02   10.794722   0.5495925  0.04014442   57.60364 205.9000  3.372
"410"   636008   6 "ULt" "UpperLLobregat" "01.08.1998" 2.041738e-08   15.920   2.2640  19.300  49.13  0.76510 0.084385 3.071427e-02   17.060154   8.3837802  0.08028885   61.11817 201.1000  5.365
"411"   636069   6 "ULt" "UpperLLobregat" "01.10.1998" 7.413102e-09   11.830   2.1660  17.510  62.91  0.95640 0.086739 3.075091e-03   10.650439   0.4055642  0.36129980   64.18635 198.2000  2.745
"412"   636100   6 "ULt" "UpperLLobregat" "01.11.1998" 8.912509e-09   12.350   2.3440  17.980  64.17  0.94450 0.082535 4.246857e-02    9.733844   0.1955280  0.22748506   53.56123 209.7000  2.720
"413" 14735582 147 "ULt" "UpperLLobregat" "01.06.1997" 7.943282e-09   15.990   3.1400  20.930  75.56  0.42697 0.048750 8.017757e-02   15.472294   0.1040832  0.02676295  100.12976 193.8532  5.400
"414" 14735735 147 "ULt" "UpperLLobregat" "01.11.1997" 4.466836e-08   52.560  12.4400  26.260 105.70  0.49490 0.123962 8.791493e+00   84.820398  37.2516030  3.30522412  104.08630 385.1600  9.934
"415" 14735765 147 "ULt" "UpperLLobregat" "01.12.1997" 1.083927e-07   67.130  15.6300  27.150 111.30  0.52990 0.120282 6.450221e+00   71.219932   2.4080019  3.78695719  107.24192 387.9000 14.040
"416" 14735796 147 "ULt" "UpperLLobregat" "01.01.1998" 5.011872e-08   20.920   4.9640  22.860 101.10  0.46440 0.107469 1.946618e+00   26.516862  28.2399627  0.57540339  102.67356 294.0300  5.135
"417" 14735827 147 "ULt" "UpperLLobregat" "01.02.1998" 5.495409e-09   16.690   3.8590  21.870 102.10  0.51650 0.102903 3.377900e-01   19.399974  20.3591619  0.25424801   78.24050 311.5000  3.775
"418" 14735855 147 "ULt" "UpperLLobregat" "01.03.1998" 4.570882e-09   21.800   3.8730  25.110  98.87  0.52440 0.103600 6.842626e-02   25.043778  24.8236549  0.14719622   71.58680 285.3000  4.137
"419" 14735886 147 "ULt" "UpperLLobregat" "01.04.1998" 5.011872e-09   27.930   5.4260  24.900  93.40  0.49490 0.098200 1.276283e-01   38.675488  12.7135330  1.63253985  115.21808 245.2000  5.816
"420" 14735916 147 "ULt" "UpperLLobregat" "01.05.1998" 1.071519e-08   33.310   5.6520  24.660  84.36  0.45010 0.077222 3.154110e-01   45.042821   3.0016254  1.43181774  110.40966 282.0000  5.020
"421" 14736130 147 "ULt" "UpperLLobregat" "01.12.1998" 5.011872e-08   62.980  10.9600  24.250 105.70  0.60050 0.087831 1.034380e+01   90.269850   0.5871011  4.14825700  159.39543 354.8000  8.579
"422" 14736161 147 "ULt" "UpperLLobregat" "01.01.1999" 1.318257e-08   26.650   7.0350  22.160  99.24  0.44840 0.077732 8.894524e-01   44.377493  18.3184162  0.53525897   86.90079 279.6000  5.618
"423" 14736251 147 "ULt" "UpperLLobregat" "01.04.1999" 1.663413e-08   75.890  13.2100  26.150 102.80  0.51930 0.059083 8.354770e+00  100.975690  40.4668076  4.28207174  120.59298 368.2000 23.770
"424"  7735582  77 "ULt" "UpperLLobregat" "01.06.1997" 3.981072e-09  146.500  10.7800  64.440 168.00  5.38985 0.039820 1.115338e-01  191.457891   6.4196119  1.55225100  448.96734 278.6385  5.076
"425"  7735612  77 "ULt" "UpperLLobregat" "01.07.1997" 2.511886e-09  236.000  11.7800  69.020 151.50  5.64262 0.066570 2.050522e-01  296.343654   6.9609752  2.70296200  421.99108 267.4117  4.615
"426"  7735643  77 "ULt" "UpperLLobregat" "01.08.1997" 7.943282e-09  212.800  11.2600  70.090 159.60  4.74800 0.086590 2.921092e-01  445.386417  10.7613837  1.75297312  455.62425 286.6650  3.515
"427"  7735674  77 "ULt" "UpperLLobregat" "01.09.1997" 6.309573e-09  163.600  10.6700  57.400 153.00  4.32500 0.092304 9.457586e-02  253.715126   6.6268884  0.57540339  351.43670 306.1722  5.665
"428"  7735735  77 "ULt" "UpperLLobregat" "01.11.1997" 1.071519e-08  247.700  11.5800  65.050 168.70  4.91600 0.075875 2.929476e-01  356.616612   7.3918779  1.63253985  450.72384 328.5100  4.104
"429"  7735765  77 "ULt" "UpperLLobregat" "01.12.1997" 4.709773e-09  248.400  11.2500  65.940 169.80  5.12300 0.065040 3.680912e-02  342.850591   9.4002888  0.74936255  464.51556 339.2500  4.320
"430"  7735796  77 "ULt" "UpperLLobregat" "01.01.1998" 5.888437e-08  123.600   7.0240  50.300 134.90  3.84300 0.084201 1.386672e-01  176.281237  19.8129009  0.61554781  369.21780 307.2100  4.620
"431"  7735827  77 "ULt" "UpperLLobregat" "01.02.1998" 8.912509e-09  127.400   8.0270  47.800 136.30  3.91800 0.063522 2.501670e-01  142.018016  21.3319535  0.92332172  335.41847 200.0000  4.824
"432"  7735855  77 "ULt" "UpperLLobregat" "01.03.1998" 5.623413e-09  187.800  10.3800  58.600 160.10  4.81500 0.067400 1.239600e-01  214.950168  13.2482097  0.48173307  464.56371 301.3000  5.209
"433"  7735886  77 "ULt" "UpperLLobregat" "01.04.1998" 9.120108e-09  221.500  12.4700  58.600 152.90  4.67900 0.049400 5.547162e-02  342.832606   5.9652633  1.49872511  571.09119 295.8000  4.132
"434"  7735916  77 "ULt" "UpperLLobregat" "01.05.1998" 1.047129e-08  232.800  10.2600  67.470 154.50  4.92600 0.049641 5.628157e-02  316.500329   0.4718991  1.07051793  464.08497 270.8000  2.704
"435"  7735947  77 "ULt" "UpperLLobregat" "01.06.1998" 7.943282e-09  197.400  11.1500  60.400 151.30  4.30900 0.066805 1.777720e-01  300.051168   2.9672135  1.03037351  469.89198 287.4000  4.207
"436"  7735977  77 "ULt" "UpperLLobregat" "01.07.1998" 1.778279e-08  314.200  12.7180  64.440 168.58  4.27400 0.054641 1.514487e+00  461.577169   4.8892754 10.34387954  515.05833 317.9000  5.546
"437"  7736008  77 "ULt" "UpperLLobregat" "01.08.1998" 1.995262e-08  323.400  16.6340  57.080 149.42  4.44400 0.085934 7.110969e-01  508.842337   1.0567228  1.04375499  439.15778 251.3000  7.096
"438"  7736039  77 "ULt" "UpperLLobregat" "01.09.1998" 1.258925e-08  355.600  14.8880  72.140 180.78  5.28800 0.030714 1.624312e-01  391.282422   4.1616158  4.50955680  480.23219 332.2000  3.891
"439"  7736100  77 "ULt" "UpperLLobregat" "01.11.1998" 6.165950e-09  330.000  14.1640  78.300 216.80  6.11800 0.060550 6.692494e-02  455.551901   3.8440302  0.10705179  432.39780 321.1000 62.940
"440"  7736130  77 "ULt" "UpperLLobregat" "01.12.1998" 1.258925e-08  400.400  15.9900  77.100 211.80  6.15600 0.057076 9.588951e-02  623.459328   7.0065504  0.40144423  593.73437 320.3000  4.902
"441"  7736161  77 "ULt" "UpperLLobregat" "01.01.1999" 7.943282e-09  160.360  10.7120  52.920 158.46  3.96600 0.057031 8.550644e-02  278.405061   9.1353975  0.53525897  473.74744 314.1000  4.095
"442"  7736251  77 "ULt" "UpperLLobregat" "01.04.1999" 1.049542e-08  308.600  15.1600  73.380 186.18  4.77400 0.017473 6.213757e-01  362.863403   1.3491868  2.00722113  432.27731 296.5000  4.559
"443"  7635827  76 "LLt" "LowerLLobregat" "01.02.1998" 3.715352e-08  294.600  27.5600  29.190 114.80  0.88870 0.027155 3.623068e+01  438.328762  59.9253384  0.21410359  166.21779 330.1000 25.800
"444"  7635886  76 "LLt" "LowerLLobregat" "01.04.1998" 7.244360e-08  371.200  35.4900  30.230 116.60  1.06300 0.026500 4.349052e+01  591.663631   0.3238500  1.08389941  273.36418 480.4000 34.810
"445"  7636130  76 "LLt" "LowerLLobregat" "01.12.1998" 7.943282e-08  559.000  39.9200  30.560 125.34  1.23440 0.025031 3.544606e+01 1133.389437   7.9787197  9.62127994  581.08474 613.6000 85.900
"446"  7636251  76 "LLt" "LowerLLobregat" "01.04.1999" 1.866380e-07  355.600  41.6000  32.280 117.86  1.01180 0.103921 3.719799e+01  475.380564   0.1414025  7.49362554  210.10727 476.7000 32.500
"447"  9235582  92 "LLt" "LowerLLobregat" "01.06.1997" 3.981072e-09   17.960   3.2300  35.070  65.96  0.56687 0.071430 1.091840e-01   28.279450   1.2494173  0.17395916   59.95758 263.0937  3.190
"448"  9235612  92 "LLt" "LowerLLobregat" "01.07.1997" 3.981072e-08   18.130   3.4490  31.090  70.59  0.77508 0.072660 3.120953e-01   29.140420   2.4964032  0.28100100   52.11408 312.6238  3.547
"449"  9235643  92 "LLt" "LowerLLobregat" "01.08.1997" 3.981072e-09   18.240   3.1830  37.510  61.72  0.64560 0.111348 1.457576e-01   26.446609   1.4296548  0.22748506   45.49352 292.5070  3.058
"450"  9235674  92 "LLt" "LowerLLobregat" "01.09.1997" 3.981072e-09   17.710   2.8050  36.880  58.00  0.63950 0.100027 6.100884e-02   26.871040   1.4902787  0.06690737   59.12098 283.2106  3.927
"451"  9335582  93 "LLt" "LowerLLobregat" "01.06.1997" 3.981072e-09   21.080   4.3600  36.820  57.99  0.59605 0.071110 1.460560e-01   27.084368   1.4227614  0.10705179   53.15536 244.3993  4.048
"452"  9335612  93 "LLt" "LowerLLobregat" "01.07.1997" 3.981072e-09   18.330   3.8090  30.110  68.44  0.77218 0.075240 2.638278e-01   21.837768   4.3518192  0.20071500   55.49374 294.0818  2.949
"453"  9335643  93 "LLt" "LowerLLobregat" "01.08.1997" 3.981072e-09   19.300   3.3330  39.050  60.32  0.66220 0.099734 2.087151e-01   24.146959   1.8206232  0.25424801   51.12281 292.5070  3.259
"454"  9335674  93 "LLt" "LowerLLobregat" "01.09.1997" 3.981072e-09   21.150   3.9920  39.120  57.53  0.66640 0.095244 2.887202e-01   28.885894   2.4215270  0.02676295   52.91604 282.6518  3.120
"455"  9335765  93 "LLt" "LowerLLobregat" "01.12.1997" 6.637431e-09  156.800  31.9700  30.990 101.50  1.71400 0.055925 5.171497e-02   41.438314   5.2076944  0.18734064   57.98286 340.6900  2.256
"456"  9335796  93 "LLt" "LowerLLobregat" "01.01.1998" 3.548134e-08   23.640   2.9310  31.520  70.68  0.72620 0.092276 2.245583e-02   41.890705   6.7513697  0.33453685   93.22106 348.8000  3.204
"457"  9335827  93 "LLt" "LowerLLobregat" "01.02.1998" 3.311311e-09   22.520   3.2350  30.630  79.57  0.95130 0.097439 1.308719e-01   25.635670   8.4316558  0.36129980   53.37938 241.4000  2.647
"458"  9335855  93 "LLt" "LowerLLobregat" "01.03.1998" 5.888437e-09   24.050   3.2710  34.290  71.55  0.90990 0.090300 3.762512e-02   29.811135   3.1938069  0.24086654   61.16643 311.3000  3.016
"459"  9335886  93 "LLt" "LowerLLobregat" "01.04.1998" 4.897788e-09   31.580   3.6490  34.030  71.62  0.87900 0.088200 3.700446e-02   47.620739   2.6377969  0.17395916   43.39592 288.5000  3.520
"460"  9335916  93 "LLt" "LowerLLobregat" "01.05.1998" 7.244360e-09   26.690   3.0240  34.260  61.37  0.72320 0.085530 2.637929e-01   36.500663   0.9705112  0.17395916   53.62960 303.7000  2.485
"461"  9335977  93 "LLt" "LowerLLobregat" "01.07.1998" 9.772372e-09   29.260   4.8500  34.590  40.39  0.57170 0.073553 4.514136e-02   45.602937   1.3187633  0.25424801   64.61237 246.4000  4.902
"462"  9336008  93 "LLt" "LowerLLobregat" "01.08.1998" 7.585776e-09   29.310   5.0200  31.540  44.34  0.61380 0.081389 1.728330e-01   43.492817   0.5076791  0.34791833   52.58875 254.5000  4.010
"463"  9336069  93 "LLt" "LowerLLobregat" "01.10.1998" 6.606934e-09   28.610   3.8840  34.040  54.97  0.59410 0.080915 3.698504e-02   39.050024   0.4807947  0.30777391   60.06792 270.7000  3.252
"464"  9336130  93 "LLt" "LowerLLobregat" "01.12.1998" 9.332543e-09   39.340   4.9420  37.620  73.83  0.69500 0.092128 2.000000e-01   71.997985   3.9790019  0.16057769  102.38106 323.5000  2.132
"465"  9336161  93 "LLt" "LowerLLobregat" "01.01.1999" 5.248075e-09   28.770   5.6770  30.450  99.70  1.10100 0.095510 1.400421e-01   40.982375  31.0089946  0.40144423   65.71432 295.3000  3.276
"466"  9336251  93 "LLt" "LowerLLobregat" "01.04.1999" 1.101539e-08   36.360   4.8220  37.500  61.07  0.68650 0.083732 6.993869e-02   50.673337   2.8801898  0.13381474   69.61288 239.7000  3.344
"467"  9435582  94 "LLt" "LowerLLobregat" "01.06.1997" 7.943282e-09  114.320  18.0500  27.230 114.10  1.69974 0.047850 9.086187e-01  133.274465   6.8493072  1.77973607  171.80944 238.5573  4.364
"468"  9435612  94 "LLt" "LowerLLobregat" "01.07.1997" 7.943282e-09  302.500  52.8200  87.060 242.60  6.22271 0.074010 2.000000e+00  456.866924  36.2941125  2.93043900  622.67677 418.3388  6.897
"469"  9435643  94 "LLt" "LowerLLobregat" "01.08.1997" 1.000000e-08  226.000  75.0600  97.780 277.30  5.78000 0.123864 8.438809e-01  598.522873  40.7238659  2.24808766  560.52159 283.3122  5.572
"470"  9435674  94 "LLt" "LowerLLobregat" "01.09.1997" 5.011872e-09  321.500  42.9200  64.810 173.70  3.49100 0.053325 4.112273e-01  539.384209  49.5337577  7.45348112  384.52420 351.2827  8.180
"471"  9435704  94 "LLt" "LowerLLobregat" "01.10.1997" 8.128305e-09  381.500  52.6600  68.880 186.20  3.80500 0.049709 9.229020e-02  651.477183  46.9376570  7.90845124  538.52092 331.5700  8.375
"472"  9435765  94 "LLt" "LowerLLobregat" "01.12.1997" 5.011872e-09  416.600  56.7100  74.950 197.10  4.16000 0.048161 2.330654e+01  647.994523  12.3030188  7.58729586  534.22744 484.1400 13.420
"473"  9435796  94 "LLt" "LowerLLobregat" "01.01.1998" 7.244360e-08  331.300  64.4400  79.100 187.50  3.98000 0.037078 1.675043e+01  652.033323  72.5454391  4.24192732  517.46683 410.7800 11.820
"474"  9435827  94 "LLt" "LowerLLobregat" "01.02.1998" 1.348963e-08   70.030  13.3600  21.520 102.30  1.51200 0.037630 2.764994e+00   91.375459  16.3411067  0.85641435  133.84442 335.9000  3.862
"475"  9435855  94 "LLt" "LowerLLobregat" "01.03.1998" 6.025596e-09  395.700  66.2300  86.550 233.60  4.96300 0.053000 8.559928e-01  638.762094  21.8540613  4.38912353  430.96003 414.5000 10.890
"476"  9435886  94 "LLt" "LowerLLobregat" "01.04.1998" 7.762471e-09  355.600  48.1800  63.790 175.10  3.63100 0.034100 1.376376e+01  555.642641  18.1497450  6.83793331  329.10107 408.4000 11.750
"477"  9435947  94 "LLt" "LowerLLobregat" "01.06.1998" 9.772372e-09   60.820   7.9660  17.180  95.33  1.31400 0.041845 1.610111e-01   81.725038   7.6483581  1.72621017  148.03858 222.8000  3.372
"478"  9435977  94 "LLt" "LowerLLobregat" "01.07.1998" 7.079458e-09  239.800  27.4200  47.450 148.90  2.68700 0.032949 1.991924e-01  345.222339  38.3854910  4.68351596  345.55810 327.8000  8.195
"479"  9436008  94 "LLt" "LowerLLobregat" "01.08.1998" 1.047129e-08  142.800  27.0400  48.220 149.50  2.86100 0.033044 3.791072e-01  251.476329  45.3949379  9.23321718  334.84429 270.8000  6.972
"480"  9436039  94 "LLt" "LowerLLobregat" "01.09.1998" 1.258925e-08  218.500  24.7100  32.380 115.70  2.24400 0.035176 3.119495e-01  253.692977  27.5540255  4.45603090  244.80937 255.5000  7.813
"481"  9436069  94 "LLt" "LowerLLobregat" "01.10.1998" 1.122018e-08  397.800  42.4200  47.640 153.24  2.97600 0.048060 1.517535e+00  517.628111  52.6639845  7.45348112  386.39330 349.1000  9.768
"482"  9436100  94 "LLt" "LowerLLobregat" "01.11.1998" 8.511380e-09  402.400  38.9800  42.900 132.24  2.47400 0.034200 3.163986e-01  500.205704  49.7515476  6.55692235  315.28835 379.6000 10.070
"483"  9436161  94 "LLt" "LowerLLobregat" "01.01.1999" 2.884032e-08  265.000  58.0200  54.880 170.44  2.98400 0.046939 3.065141e+01  425.223755   0.1717618  1.20433268  334.88731 448.6000 24.850
"484"  9436251  94 "LLt" "LowerLLobregat" "01.04.1999" 1.399587e-08   86.830   9.8340  19.940 105.30  1.51400 0.042311 1.773181e-01  118.872287   9.7088463  0.93670319  163.03066 204.8000  3.344
"485"  9436373  94 "LLt" "LowerLLobregat" "01.08.1999" 3.265878e-08  210.200  35.9600  62.980 185.58  3.98600 0.055390 7.910906e+00  322.677003  34.4957882  8.02888451  422.32995 287.9000  6.774
